1,-0.00264
2,-0.00379
3,0.01694
4,-0.00294
5,-0.00275
6,-0.00296
7,-0.00096
8,-0.00302
9,-0.00353
10,-0.00293
11,-0.00296
12,0.00036
13,-0.00300
14,-0.00234
15,-0.00310
16,-0.00257
17,-0.00318
18,-0.00277
19,-0.00300
20,-0.00271
21,0.00055
22,-0.00292
23,-0.00317
24,-0.00162
25,-0.00185
26,-0.00307
27,-0.00298
28,-0.00316
29,-0.00351
30,-0.00320
31,-0.00419
32,-0.00153
33,-0.00091
34,0.00483
35,-0.00349
36,-0.00355
37,-0.00358
38,-0.00329
39,-0.00357
40,-0.00379
41,-0.00383
42,-0.00361
43,-0.00381
44,-0.00376
45,-0.00411
46,-0.00371
47,0.00149
48,-0.00332
49,-0.00358
50,-0.00321
51,-0.00593
52,-0.00182
53,-0.00392
54,-0.00242
55,-0.00352
56,-0.00432
57,-0.00396
58,-0.00417
59,-0.00408
60,-0.00409
61,-0.00401
62,0.00398
63,-0.00391
64,-0.00342
65,-0.00430
66,-0.00417
67,-0.00339
68,-0.00394
69,-0.00467
70,0.00976
71,0.00289
72,-0.00428
73,-0.00423
74,-0.00427
75,-0.00365
76,-0.00372
77,-0.00454
78,-0.00356
79,-0.00500
80,-0.00406
81,-0.00247
82,-0.00293
83,-0.01108
84,-0.00471
85,-0.00445
86,0.00072
87,-0.00309
88,-0.00423
89,-0.00440
90,-0.00352
91,-0.00469
92,-0.00251
93,-0.00426
94,-0.00489
95,-0.00468
96,-0.00470
97,-0.00486
98,-0.00479
99,0.00467
100,0.00610
101,-0.00366
102,-0.00482
103,-0.00490
104,-0.00347
105,-0.00351
106,-0.00504
107,-0.00618
108,-0.00512
109,-0.00497
110,-0.00506
111,-0.00511
112,-0.00504
113,-0.00484
114,-0.00504
115,-0.00163
116,-0.00512
117,-0.00570
118,-0.00476
119,-0.00615
120,-0.00573
121,0.00070
122,-0.00471
123,-0.00443
124,-0.00285
125,0.00018
126,-0.00378
127,-0.00488
128,-0.00374
129,-0.00174
130,-0.00470
131,-0.00508
132,-0.00538
133,-0.00537
134,-0.00613
135,-0.00487
136,-0.00008
137,-0.00563
138,-0.00501
139,-0.00391
140,-0.00815
141,-0.00467
142,0.02766
143,-0.00532
144,0.00685
145,0.00309
146,-0.00632
147,-0.00491
148,-0.00235
149,0.03374
150,0.01619
151,-0.00583
152,-0.00085
153,0.00116
154,-0.00643
155,0.00100
156,-0.00409
157,-0.00047
158,-0.00331
159,-0.00548
160,0.00790
161,-0.00158
162,0.03375
163,0.07199
164,0.00225
165,0.01961
166,-0.00491
167,-0.00438
168,-0.00458
169,-0.00021
170,0.00694
171,0.01884
172,0.01743
173,0.03103
174,0.02763
175,0.01237
176,-0.00593
177,0.01954
178,0.01512
179,0.02517
180,0.00359
181,0.00325
182,0.01937
183,0.00040
184,0.00322
185,-0.00258
186,-0.00714
187,-0.00621
188,-0.00535
189,-0.00620
190,-0.00558
191,-0.00633
192,-0.01055
193,-0.00495
194,0.00364
195,-0.00534
196,-0.00084
197,0.00115
198,0.02166
199,-0.00327
200,-0.00198
201,-0.00391
202,0.01070
203,-0.00486
204,-0.00577
205,0.00433
206,-0.00604
207,-0.00458
208,-0.00564
209,-0.00511
210,-0.00530
211,-0.00395
212,-0.00383
213,-0.00683
214,-0.00598
215,-0.00769
216,-0.00718
217,-0.00720
218,-0.00806
219,0.00237
220,-0.00912
221,-0.00618
222,-0.00561
223,-0.00055
224,-0.00612
225,-0.00181
226,-0.00529
227,-0.00849
228,-0.00798
229,-0.00288
230,0.00047
231,0.01156
232,0.01262
233,0.01619
234,-0.00480
235,-0.00472
236,-0.00011
237,-0.00806
238,-0.00367
239,-0.01438
240,-0.00472
241,-0.00793
242,-0.00693
243,-0.00678
244,-0.00644
245,0.01085
246,-0.00532
247,-0.00385
248,-0.00480
249,-0.00301
250,-0.00512
251,-0.00258
252,-0.00315
253,0.06940
254,-0.00455
255,-0.00423
256,0.00563
257,-0.00514
258,-0.00580
259,-0.00062
260,-0.00215
261,-0.00454
262,-0.00980
263,0.01161
264,-0.00230
265,0.05348
266,-0.00118
267,-0.00391
268,-0.00630
269,-0.00918
270,0.01816
271,-0.00715
272,-0.00481
273,-0.00116
274,0.00415
275,-0.00004
276,-0.00327
277,-0.00137
278,0.00652
279,-0.00335
280,0.00186
281,-0.00457
282,-0.00161
283,-0.00515
284,-0.00338
285,-0.00389
286,0.01748
287,0.02111
288,0.02306
289,0.03375
290,-0.00158
291,0.00880
292,-0.00291
293,-0.00799
294,-0.00462
295,-0.00369
296,-0.00077
297,-0.00292
298,-0.00453
299,-0.00451
300,-0.00391
301,-0.00065
302,-0.00358
303,-0.00321
304,-0.00289
305,-0.00380
306,-0.00340
307,-0.00294
308,-0.00282
309,-0.00551
310,0.00250
311,-0.00129
312,0.00028
313,-0.00321
314,-0.00332
315,-0.00266
316,-0.00310
317,-0.00283
318,-0.00318
319,0.00121
320,0.00046
321,0.00056
322,-0.00374
323,-0.00258
324,-0.00300
325,-0.00280
326,-0.00234
327,-0.00322
328,-0.00298
329,-0.00398
330,-0.00291
331,-0.00416
332,-0.00290
333,-0.00287
334,-0.00252
335,-0.00205
336,-0.00261
337,-0.00293
338,-0.00274
339,0.00030
340,0.00051
341,-0.00317
342,-0.00292
343,-0.00290
344,-0.00306
345,0.00099
346,-0.00344
347,-0.00297
348,-0.00419
349,-0.00359
350,-0.00293
351,-0.00280
352,-0.00221
353,-0.00303
354,-0.00294
355,-0.00263
356,-0.00262
357,-0.00259
358,-0.00288
359,-0.00278
360,-0.00271
361,0.00058
362,-0.00143
363,-0.00307
364,-0.00320
365,-0.00276
366,-0.00291
367,-0.00264
368,-0.00379
369,-0.00287
370,-0.00294
371,-0.00275
372,-0.00296
373,-0.00350
374,-0.00302
375,0.00206
376,-0.00293
377,0.04505
378,0.00366
379,0.02519
380,0.03805
381,0.01366
382,0.00835
383,-0.00318
384,-0.00277
385,-0.00351
386,-0.00271
387,-0.00326
388,-0.00292
389,-0.00317
390,-0.00162
391,-0.00312
392,-0.00307
393,-0.00298
394,-0.00316
395,0.00360
396,0.01001
397,-0.00368
398,-0.00153
399,-0.00193
400,0.00153
401,-0.00349
402,-0.00228
403,-0.00358
404,-0.00329
405,0.00786
406,-0.00379
407,-0.00383
408,-0.00361
409,-0.00381
410,-0.00376
411,-0.00411
412,0.00035
413,0.00606
414,-0.00230
415,-0.00282
416,-0.00321
417,-0.00593
418,-0.00182
419,-0.00392
420,-0.00242
421,-0.00352
422,-0.00432
423,-0.00396
424,-0.00417
425,-0.00408
426,-0.00401
427,-0.00415
428,-0.00391
429,-0.00342
430,-0.00430
431,-0.00417
432,-0.00136
433,-0.00394
434,-0.00467
435,-0.00345
436,-0.00397
437,-0.00428
438,-0.00423
439,0.00284
440,-0.00365
441,-0.00372
442,-0.00454
443,-0.00356
444,-0.00551
445,-0.00406
446,0.00032
447,-0.00293
448,-0.01108
449,-0.00471
450,-0.00191
451,0.00072
452,0.00148
453,-0.00423
454,-0.00440
455,-0.00352
456,-0.00469
457,-0.00251
458,-0.00426
459,-0.00489
460,-0.00468
461,-0.00470
462,-0.00486
463,-0.00479
464,-0.00397
465,-0.00101
466,0.02276
467,-0.00482
468,-0.00338
469,-0.00347
470,-0.00122
471,-0.00352
472,-0.00542
473,-0.00512
474,-0.00497
475,-0.00506
476,-0.00511
477,-0.00453
478,-0.00459
479,-0.00504
480,-0.00646
481,-0.00512
482,-0.00570
483,-0.00400
484,0.00172
485,-0.00548
486,-0.00590
487,0.00545
488,-0.00443
489,-0.00285
490,0.04184
491,-0.00378
492,-0.00488
493,-0.00526
494,-0.00402
495,-0.00470
496,-0.00508
497,-0.00538
498,0.03019
499,-0.00613
500,-0.00487
501,-0.00008
502,-0.00563
503,0.01429
504,-0.00391
505,-0.00815
506,-0.00467
507,-0.00485
508,-0.00532
509,-0.00585
510,-0.00707
511,-0.00632
512,-0.00618
513,-0.00641
514,-0.00233
515,-0.00667
516,-0.00634
517,-0.00085
518,0.00522
519,0.05148
520,0.00354
521,-0.00333
522,0.01045
523,-0.00331
524,-0.00548
525,0.01324
526,0.19756
527,-0.01172
528,0.00341
529,-0.00308
530,-0.00325
531,-0.00491
532,-0.00438
533,-0.00458
534,-0.00224
535,-0.00525
536,-0.00453
537,-0.00670
538,-0.00453
539,-0.00615
540,-0.00287
541,-0.00593
542,-0.00561
543,-0.00342
544,-0.00302
545,-0.00682
546,-0.00945
547,-0.00832
548,0.00472
549,0.05173
550,-0.00614
551,-0.00206
552,-0.00621
553,-0.00535
554,-0.00620
555,-0.00558
556,-0.00633
557,-0.01055
558,-0.00266
559,-0.00474
560,-0.00330
561,-0.00262
562,-0.00419
563,0.00820
564,-0.00327
565,-0.00300
566,-0.00391
567,-0.00403
568,-0.00486
569,-0.00577
570,-0.00304
571,-0.00604
572,-0.00458
573,-0.00564
574,-0.00511
575,-0.00530
576,-0.00217
577,-0.00383
578,-0.00683
579,-0.00344
580,0.00018
581,-0.00718
582,-0.00720
583,0.01886
584,0.01660
585,0.00510
586,0.00703
587,-0.00231
588,-0.00055
589,-0.00587
590,0.00200
591,-0.00529
592,-0.00976
593,-0.00798
594,-0.00415
595,0.00022
596,-0.00444
597,-0.00516
598,0.00044
599,-0.00175
600,-0.00167
601,-0.00443
602,0.00642
603,-0.00088
604,-0.01743
605,-0.00574
606,-0.00793
607,-0.00693
608,0.02141
609,0.00347
610,-0.00159
611,-0.00126
612,-0.00283
613,0.03533
614,-0.00072
615,0.01291
616,-0.00258
617,-0.00315
618,-0.00070
619,-0.00785
620,-0.00296
621,-0.00148
622,-0.00463
623,0.01477
624,0.02529
625,-0.00673
626,-0.00454
627,-0.00955
628,0.00806
629,-0.00205
630,-0.00469
631,-0.00347
632,0.02962
633,-0.00376
634,-0.00918
635,0.00266
636,-0.00410
637,0.00103
638,0.00290
639,0.00313
640,0.00275
641,-0.00302
642,-0.00493
643,0.00627
644,-0.00462
645,0.02320
646,-0.00051
647,-0.00542
648,-0.00515
649,0.00424
650,0.00881
651,-0.00259
652,0.00079
653,-0.00386
654,0.00175
655,-0.00285
656,-0.00314
657,-0.00418
658,-0.00799
659,-0.00437
660,-0.00369
661,-0.00077
662,-0.00292
663,-0.00453
664,-0.00451
665,-0.00391
666,-0.00065
667,-0.00358
668,-0.00321
669,-0.00060
670,-0.00380
671,-0.00340
672,0.00189
673,0.01394
674,-0.00526
675,0.00834
676,-0.00104
677,0.00028
678,-0.00321
679,-0.00281
680,-0.00266
681,-0.00310
682,-0.00283
683,-0.00013
684,0.00908
685,-0.00233
686,-0.00173
687,-0.00374
688,-0.00258
689,-0.00300
690,-0.00280
691,0.00477
692,-0.00322
693,0.00032
694,-0.00398
695,-0.00291
696,-0.00416
697,-0.00265
698,-0.00287
699,0.00434
700,0.01776
701,0.00044
702,-0.00293
703,-0.00274
704,0.17531
705,-0.00229
706,-0.00292
707,-0.00267
708,-0.00290
709,-0.00154
710,0.00124
711,-0.00344
712,0.00846
713,0.02070
714,0.00352
715,-0.00242
716,-0.00255
717,-0.00119
718,-0.00303
719,-0.00269
720,-0.00263
721,-0.00084
722,-0.00259
723,-0.00288
724,-0.00278
725,-0.00271
726,-0.00323
727,0.01889
728,-0.00282
729,0.00290
730,-0.00225
731,-0.00291
732,-0.00264
733,-0.00379
734,-0.00287
735,-0.00269
736,-0.00250
737,-0.00271
738,-0.00350
739,0.01882
740,-0.00328
741,-0.00293
742,-0.00296
743,0.00036
744,-0.00300
745,-0.00234
746,0.00884
747,0.00149
748,-0.00318
749,-0.00277
750,-0.00351
751,-0.00271
752,-0.00301
753,-0.00292
754,0.00089
755,0.01032
756,-0.00210
757,-0.00104
758,0.00159
759,-0.00316
760,-0.00351
761,-0.00320
762,-0.00419
763,-0.00128
764,0.09484
765,0.01220
766,-0.00324
767,-0.00355
768,0.00709
769,-0.00304
770,-0.00332
771,-0.00379
772,-0.00383
773,-0.00361
774,-0.00381
775,-0.00376
776,-0.00411
777,-0.00244
778,-0.00410
779,-0.00332
780,0.01141
781,-0.00321
782,-0.00466
783,-0.00182
784,-0.00392
785,0.00774
786,-0.00352
787,-0.00432
788,-0.00396
789,-0.00417
790,0.00405
791,0.02520
792,-0.00085
793,-0.00391
794,-0.00342
795,-0.00430
796,-0.00417
797,-0.00339
798,-0.00394
799,0.04054
800,-0.00345
801,-0.00397
802,-0.00428
803,-0.00423
804,-0.00427
805,-0.00365
806,-0.00372
807,-0.00454
808,-0.00305
809,-0.00195
810,0.04268
811,-0.00247
812,-0.00090
813,-0.01083
814,-0.00471
815,-0.00445
816,0.00199
817,-0.00284
818,-0.00423
819,-0.00440
820,-0.00352
821,-0.00342
822,-0.00200
823,-0.00426
824,-0.00489
825,-0.00468
826,-0.00470
827,-0.00486
828,-0.00479
829,-0.00397
830,-0.00558
831,-0.00366
832,-0.00482
833,-0.00490
834,-0.00347
835,-0.00351
836,-0.00504
837,-0.00618
838,-0.00512
839,-0.00497
840,-0.00506
841,-0.00511
842,-0.00504
843,-0.00484
844,-0.00504
845,-0.00646
846,-0.00512
847,-0.00570
848,-0.00476
849,-0.00615
850,-0.00446
851,-0.00590
852,0.02171
853,-0.00443
854,-0.00285
855,0.02863
856,-0.00378
857,-0.00488
858,-0.00526
859,-0.00504
860,-0.00470
861,-0.00508
862,-0.00538
863,-0.00537
864,-0.00613
865,-0.00487
866,-0.00008
867,-0.00563
868,-0.00501
869,-0.00391
870,-0.00790
871,-0.00416
872,-0.00485
873,-0.00532
874,-0.00585
875,-0.00707
876,-0.00632
877,-0.00618
878,-0.00641
879,0.07006
880,0.00273
881,-0.00380
882,0.04462
883,0.00116
884,-0.00643
885,-0.00510
886,-0.00511
887,-0.00047
888,-0.00331
889,-0.00548
890,0.00638
891,-0.00208
892,-0.01172
893,0.00341
894,-0.00308
895,0.01377
896,-0.00491
897,-0.00438
898,-0.00458
899,-0.00224
900,-0.00525
901,-0.00453
902,-0.00670
903,-0.00453
904,0.00731
905,-0.00287
906,-0.00466
907,-0.00561
908,0.00344
909,0.01095
910,-0.00682
911,0.03449
912,-0.00781
913,-0.00214
914,0.00322
915,-0.00614
916,-0.00714
917,-0.00621
918,-0.00535
919,-0.00620
920,-0.00558
921,0.01628
922,-0.00928
923,-0.00495
924,-0.00601
925,-0.00153
926,0.00754
927,-0.00393
928,0.00820
929,-0.00327
930,-0.00300
931,0.01412
932,-0.00327
933,-0.00130
934,0.01074
935,-0.00304
936,-0.00325
937,-0.00458
938,-0.00564
939,-0.00511
940,-0.00047
941,-0.00598
942,-0.00332
943,-0.00073
944,-0.00395
945,0.01161
946,-0.00718
947,-0.00314
948,0.00185
949,0.00491
950,-0.00099
951,-0.00567
952,-0.00561
953,-0.00055
954,0.10920
955,-0.00181
956,-0.00529
957,0.03266
958,-0.00773
959,0.00448
960,0.00022
961,-0.00444
962,-0.00287
963,-0.00363
964,-0.00023
965,-0.00599
966,-0.00646
967,-0.01060
968,-0.00367
969,-0.01743
970,-0.00549
971,-0.00793
972,-0.00693
973,-0.00678
974,-0.00466
975,0.03067
976,-0.00507
977,-0.00385
978,-0.00480
979,0.00182
980,-0.00436
981,-0.00258
982,-0.00315
983,-0.00070
984,-0.00785
985,0.00491
986,-0.00148
987,-0.00489
988,-0.00580
989,0.03469
990,0.07989
991,-0.00124
992,0.02322
993,0.00044
994,-0.00230
995,-0.00469
996,-0.00372
997,-0.00391
998,0.00208
999,0.01038
1000,0.01917
1001,-0.00715
1002,-0.00481
1003,-0.00116
1004,-0.00347
1005,-0.00258
1006,-0.00175
1007,-0.00061
1008,0.00627
1009,-0.00106
1010,-0.00398
1011,-0.00330
1012,-0.00542
1013,-0.00515
1014,-0.00313
1015,-0.00364
1016,0.02256
1017,-0.00150
1018,-0.00513
1019,0.00175
1020,-0.00260
1021,-0.00314
1022,0.00115
1023,-0.00342
1024,0.01087
1025,-0.00344
1026,0.01396
1027,-0.00292
1028,-0.00453
1029,-0.00095
1030,-0.00391
1031,-0.00065
1032,-0.00358
1033,-0.00321
1034,-0.00289
1035,-0.00380
1036,-0.00340
1037,-0.00294
1038,-0.00282
1039,0.07044
1040,0.01342
1041,-0.00129
1042,0.00028
1043,-0.00321
1044,-0.00332
1045,-0.00241
1046,-0.00310
1047,-0.00283
1048,-0.00318
1049,-0.00260
1050,-0.00233
1051,0.00970
1052,-0.00298
1053,-0.00233
1054,-0.00300
1055,-0.00280
1056,-0.00234
1057,0.00338
1058,-0.00298
1059,0.00161
1060,0.02681
1061,-0.00289
1062,-0.00290
1063,-0.00287
1064,-0.00252
1065,0.00278
1066,-0.00261
1067,-0.00268
1068,0.00717
1069,0.00030
1070,-0.00254
1071,-0.00317
1072,-0.00292
1073,-0.00290
1074,-0.00306
1075,0.00099
1076,-0.00344
1077,-0.00272
1078,-0.00419
1079,0.00251
1080,-0.00293
1081,-0.00280
1082,-0.00221
1083,-0.00303
1084,-0.00294
1085,-0.00263
1086,-0.00262
1087,-0.00259
1088,-0.00288
1089,-0.00278
1090,-0.00271
1091,-0.00298
1092,0.01889
1093,-0.00307
1094,-0.00320
1095,-0.00276
1096,-0.00266
1097,-0.00264
1098,-0.00354
1099,0.02837
1100,0.01001
1101,0.00081
1102,-0.00245
1103,-0.00350
1104,-0.00302
1105,-0.00353
1106,0.01968
1107,-0.00271
1108,0.00036
1109,-0.00300
1110,-0.00234
1111,-0.00310
1112,-0.00257
1113,-0.00318
1114,-0.00277
1115,-0.00351
1116,-0.00271
1117,-0.00326
1118,-0.00292
1119,-0.00317
1120,0.02657
1121,-0.00312
1122,-0.00307
1123,-0.00298
1124,-0.00316
1125,-0.00351
1126,-0.00320
1127,-0.00394
1128,-0.00128
1129,-0.00142
1130,0.00153
1131,-0.00349
1132,-0.00355
1133,-0.00358
1134,-0.00329
1135,-0.00357
1136,-0.00379
1137,-0.00383
1138,-0.00361
1139,-0.00076
1140,-0.00376
1141,-0.00411
1142,-0.00371
1143,-0.00410
1144,-0.00332
1145,0.00125
1146,-0.00092
1147,-0.00593
1148,-0.00182
1149,-0.00392
1150,-0.00217
1151,-0.00352
1152,-0.00432
1153,-0.00396
1154,-0.00417
1155,-0.00408
1156,-0.00401
1157,-0.00415
1158,0.00422
1159,-0.00342
1160,-0.00430
1161,-0.00417
1162,-0.00339
1163,-0.00394
1164,-0.00467
1165,-0.00345
1166,-0.00397
1167,-0.00428
1168,-0.00423
1169,-0.00275
1170,-0.00365
1171,-0.00372
1172,-0.00454
1173,-0.00356
1174,-0.00805
1175,-0.00406
1176,-0.00247
1177,-0.00293
1178,-0.01108
1179,-0.00471
1180,-0.00445
1181,0.00148
1182,-0.00309
1183,-0.00423
1184,-0.00440
1185,-0.00098
1186,-0.00469
1187,-0.00251
1188,-0.00426
1189,-0.00489
1190,-0.00468
1191,-0.00470
1192,-0.00486
1193,-0.00479
1194,-0.00397
1195,-0.00558
1196,-0.00366
1197,-0.00482
1198,-0.00490
1199,-0.00347
1200,-0.00351
1201,-0.00504
1202,-0.00618
1203,-0.00512
1204,-0.00497
1205,-0.00506
1206,-0.00511
1207,-0.00504
1208,-0.00484
1209,-0.00504
1210,-0.00646
1211,-0.00512
1212,-0.00570
1213,-0.00476
1214,-0.00056
1215,-0.00167
1216,-0.00590
1217,-0.00598
1218,-0.00443
1219,-0.00285
1220,0.00018
1221,-0.00378
1222,-0.00488
1223,-0.00526
1224,-0.00504
1225,-0.00470
1226,-0.00508
1227,-0.00157
1228,0.00809
1229,-0.00588
1230,-0.00487
1231,-0.00008
1232,-0.00563
1233,-0.00501
1234,0.01057
1235,-0.00790
1236,-0.00391
1237,-0.00358
1238,-0.00532
1239,-0.00585
1240,-0.00275
1241,-0.00632
1242,-0.00618
1243,0.00604
1244,-0.00512
1245,-0.00642
1246,0.00179
1247,0.00779
1248,0.02707
1249,0.00271
1250,-0.00180
1251,-0.00511
1252,-0.00047
1253,-0.00331
1254,0.00062
1255,0.02060
1256,0.02103
1257,0.00123
1258,0.01433
1259,-0.00283
1260,-0.00300
1261,-0.00491
1262,-0.00438
1263,0.01676
1264,-0.00224
1265,-0.00119
1266,0.03382
1267,-0.00670
1268,-0.00453
1269,-0.00005
1270,0.02253
1271,-0.00466
1272,-0.00561
1273,0.03366
1274,-0.00379
1275,-0.00657
1276,-0.00818
1277,-0.00832
1278,0.00853
1279,0.01414
1280,-0.00538
1281,-0.00689
1282,-0.00570
1283,-0.00535
1284,-0.00620
1285,-0.00558
1286,-0.00633
1287,-0.01055
1288,-0.00470
1289,-0.00601
1290,-0.00686
1291,-0.00414
1292,-0.00419
1293,0.01150
1294,0.00029
1295,-0.00275
1296,-0.00366
1297,-0.00403
1298,-0.00486
1299,-0.00298
1300,-0.00279
1301,-0.00604
1302,-0.00458
1303,-0.00564
1304,-0.00511
1305,-0.00530
1306,-0.00014
1307,-0.00383
1308,-0.00683
1309,-0.00598
1310,-0.00083
1311,0.03930
1312,-0.00593
1313,-0.00527
1314,-0.00220
1315,-0.00912
1316,-0.00618
1317,-0.00104
1318,-0.00055
1319,-0.00612
1320,0.00022
1321,-0.00427
1322,-0.00951
1323,-0.00595
1324,-0.00517
1325,0.00327
1326,-0.00393
1327,0.00068
1328,-0.00388
1329,-0.00556
1330,0.10399
1331,0.00827
1332,-0.01060
1333,-0.00367
1334,-0.01743
1335,-0.00574
1336,-0.00793
1337,-0.00668
1338,0.00871
1339,-0.00568
1340,-0.00718
1341,-0.00532
1342,-0.00385
1343,-0.00480
1344,-0.00301
1345,0.00174
1346,0.03552
1347,-0.00086
1348,0.00286
1349,-0.00709
1350,-0.00423
1351,-0.00148
1352,-0.00514
1353,-0.00555
1354,-0.00062
1355,-0.00698
1356,-0.00454
1357,0.00773
1358,0.00501
1359,0.00507
1360,0.01563
1361,-0.00372
1362,-0.00188
1363,0.01427
1364,0.03044
1365,-0.00039
1366,-0.00715
1367,-0.00430
1368,-0.00116
1369,-0.00347
1370,-0.00258
1371,-0.00251
1372,-0.00468
1373,0.01618
1374,0.01646
1375,-0.00271
1376,0.00102
1377,-0.00542
1378,-0.00312
1379,-0.00084
1380,0.00322
1381,-0.00335
1382,0.00129
1383,0.06396
1384,0.15847
1385,-0.00336
1386,-0.00314
1387,-0.00418
1388,-0.00799
1389,-0.00462
1390,0.00596
1391,-0.00077
1392,-0.00292
1393,-0.00453
1394,-0.00451
1395,-0.00391
1396,-0.00014
1397,0.00048
1398,-0.00219
1399,-0.00289
1400,-0.00380
1401,0.00549
1402,0.02500
1403,-0.00282
1404,-0.00551
1405,0.00250
1406,-0.00129
1407,0.00028
1408,-0.00296
1409,-0.00256
1410,-0.00266
1411,-0.00310
1412,-0.00283
1413,-0.00318
1414,-0.00260
1415,-0.00233
1416,-0.00173
1417,-0.00374
1418,-0.00258
1419,-0.00300
1420,-0.00229
1421,-0.00056
1422,-0.00271
1423,0.00870
1424,-0.00398
1425,-0.00189
1426,-0.00416
1427,-0.00290
1428,-0.00287
1429,-0.00252
1430,0.00024
1431,-0.00261
1432,-0.00293
1433,-0.00274
1434,0.00030
1435,-0.00229
1436,-0.00317
1437,-0.00292
1438,-0.00239
1439,-0.00281
1440,0.00099
1441,-0.00344
1442,-0.00119
1443,-0.00419
1444,-0.00359
1445,-0.00293
1446,-0.00178
1447,0.00185
1448,-0.00176
1449,-0.00294
1450,-0.00263
1451,0.01719
1452,-0.00208
1453,-0.00288
1454,-0.00278
1455,-0.00246
1456,-0.00298
1457,-0.00118
1458,-0.00256
1459,-0.00295
1460,-0.00276
1461,-0.00291
1462,-0.00262
1463,-0.00379
1464,-0.00287
1465,-0.00294
1466,-0.00275
1467,-0.00188
1468,-0.00349
1469,-0.00301
1470,-0.00338
1471,-0.00284
1472,-0.00291
1473,0.00041
1474,-0.00300
1475,-0.00231
1476,-0.00310
1477,-0.00257
1478,-0.00318
1479,-0.00277
1480,-0.00351
1481,-0.00259
1482,-0.00326
1483,-0.00292
1484,-0.00317
1485,-0.00162
1486,0.00436
1487,-0.00302
1488,-0.00298
1489,-0.00313
1490,-0.00348
1491,-0.00320
1492,-0.00419
1493,-0.00146
1494,-0.00096
1495,0.00166
1496,-0.00104
1497,-0.00355
1498,-0.00358
1499,-0.00328
1500,-0.00355
1501,0.00144
1502,-0.00383
1503,-0.00361
1504,-0.00381
1505,-0.00376
1506,-0.00411
1507,-0.00218
1508,-0.00403
1509,-0.00332
1510,-0.00358
1511,-0.00321
1512,-0.00593
1513,0.00033
1514,-0.00392
1515,-0.00149
1516,-0.00350
1517,-0.00432
1518,-0.00348
1519,-0.00417
1520,-0.00408
1521,-0.00399
1522,-0.00401
1523,-0.00415
1524,-0.00391
1525,-0.00342
1526,-0.00430
1527,-0.00410
1528,-0.00339
1529,-0.00394
1530,-0.00467
1531,-0.00345
1532,-0.00397
1533,-0.00428
1534,-0.00423
1535,-0.00427
1536,-0.00365
1537,-0.00271
1538,-0.00432
1539,-0.00356
1540,0.00022
1541,-0.00182
1542,-0.00247
1543,-0.00293
1544,-0.01108
1545,-0.00471
1546,-0.00445
1547,0.00072
1548,-0.00309
1549,-0.00128
1550,-0.00440
1551,-0.00352
1552,-0.00469
1553,-0.00251
1554,-0.00426
1555,-0.00489
1556,-0.00468
1557,-0.00470
1558,-0.00486
1559,-0.00479
1560,-0.00397
1561,-0.00558
1562,-0.00366
1563,-0.00482
1564,-0.00490
1565,-0.00347
1566,-0.00351
1567,-0.00504
1568,-0.00618
1569,-0.00512
1570,-0.00497
1571,-0.00506
1572,-0.00511
1573,-0.00504
1574,-0.00484
1575,-0.00504
1576,-0.00646
1577,-0.00512
1578,-0.00570
1579,-0.00476
1580,-0.00615
1581,-0.00573
1582,-0.00590
1583,-0.00598
1584,-0.00443
1585,-0.00285
1586,0.00018
1587,-0.00378
1588,-0.00488
1589,-0.00526
1590,-0.00504
1591,-0.00470
1592,-0.00508
1593,-0.00538
1594,-0.00537
1595,-0.00613
1596,-0.00487
1597,-0.00008
1598,-0.00563
1599,-0.00501
1600,-0.00391
1601,-0.00815
1602,-0.00467
1603,-0.00485
1604,-0.00532
1605,-0.00401
1606,-0.00192
1607,-0.00281
1608,-0.00583
1609,-0.00635
1610,-0.00397
1611,-0.00711
1612,-0.00634
1613,-0.00085
1614,0.00361
1615,-0.00643
1616,-0.00141
1617,-0.00157
1618,-0.00047
1619,0.00936
1620,-0.00548
1621,0.00638
1622,0.00682
1623,-0.00983
1624,0.02430
1625,-0.00308
1626,-0.00325
1627,-0.00489
1628,-0.00438
1629,-0.00458
1630,-0.00201
1631,-0.00016
1632,-0.00184
1633,0.00057
1634,0.00053
1635,-0.00615
1636,-0.00090
1637,-0.00593
1638,-0.00561
1639,0.00289
1640,-0.00404
1641,-0.00682
1642,-0.00945
1643,-0.00832
1644,-0.00214
1645,0.00322
1646,-0.00614
1647,-0.00694
1648,-0.00621
1649,-0.00300
1650,-0.00484
1651,0.00151
1652,0.00997
1653,-0.00149
1654,-0.00304
1655,-0.00601
1656,-0.00393
1657,-0.00007
1658,0.00417
1659,0.01358
1660,0.00836
1661,-0.00300
1662,-0.00141
1663,-0.00043
1664,-0.00486
1665,-0.00577
1666,0.00621
1667,-0.00604
1668,-0.00458
1669,-0.00564
1670,-0.00182
1671,-0.00530
1672,-0.00070
1673,-0.00082
1674,-0.00683
1675,-0.00598
1676,0.02564
1677,-0.00376
1678,-0.00720
1679,-0.00806
1680,-0.00220
1681,-0.00912
1682,-0.00618
1683,-0.00561
1684,-0.00055
1685,-0.00612
1686,0.00281
1687,0.00657
1688,-0.00973
1689,-0.00261
1690,-0.00071
1691,0.00022
1692,-0.00142
1693,0.00288
1694,0.00325
1695,-0.00422
1696,-0.00284
1697,-0.00410
1698,-0.01060
1699,-0.00252
1700,-0.00561
1701,0.00479
1702,0.00991
1703,0.00356
1704,-0.00300
1705,-0.00530
1706,-0.00045
1707,-0.00532
1708,-0.00385
1709,-0.00478
1710,-0.00296
1711,-0.00457
1712,0.01074
1713,-0.00100
1714,-0.00070
1715,-0.00099
1716,0.00505
1717,0.01659
1718,-0.00454
1719,-0.00318
1720,0.00265
1721,-0.00698
1722,0.00210
1723,0.00289
1724,0.00072
1725,0.01445
1726,-0.00407
1727,-0.00372
1728,-0.00329
1729,-0.00627
1730,-0.00917
1731,-0.00429
1732,0.01082
1733,-0.00075
1734,0.00285
1735,0.03655
1736,-0.00035
1737,-0.00198
1738,0.02856
1739,0.16530
1740,-0.00462
1741,-0.00132
1742,0.01306
1743,-0.00213
1744,-0.00268
1745,-0.00338
1746,-0.00389
1747,-0.00263
1748,-0.00026
1749,-0.00511
1750,0.00176
1751,-0.00336
1752,-0.00314
1753,-0.00418
1754,-0.00799
1755,-0.00247
1756,-0.00289
1757,-0.00002
1758,-0.00279
1759,-0.00410
1760,-0.00436
1761,-0.00361
1762,-0.00057
1763,-0.00251
1764,-0.00321
1765,-0.00265
1766,-0.00353
1767,-0.00339
1768,-0.00294
1769,-0.00282
1770,-0.00544
1771,0.00250
1772,-0.00129
1773,0.00028
1774,-0.00321
1775,-0.00332
1776,-0.00265
1777,-0.00310
1778,-0.00283
1779,-0.00318
1780,-0.00260
1781,-0.00232
1782,-0.00160
1783,-0.00374
1784,-0.00257
1785,-0.00300
1786,-0.00249
1787,-0.00118
1788,-0.00322
1789,-0.00298
1790,-0.00398
1791,-0.00147
1792,-0.00386
1793,-0.00100
1794,-0.00287
1795,-0.00252
1796,0.00382
1797,-0.00261
1798,-0.00293
1799,-0.00274
1800,0.00030
1801,-0.00254
1802,-0.00317
1803,0.00175
1804,-0.00138
1805,-0.00300
1806,0.00453
1807,0.06123
1808,-0.00290
1809,-0.00393
1810,-0.00358
1811,-0.00293
1812,-0.00280
1813,-0.00214
1814,-0.00174
1815,-0.00294
1816,-0.00263
1817,-0.00262
1818,-0.00222
1819,-0.00282
1820,-0.00218
1821,-0.00079
1822,-0.00320
1823,-0.00137
1824,-0.00307
1825,-0.00182
1826,-0.00276
1827,-0.00291
1828,-0.00264
1829,-0.00378
1830,-0.00287
1831,-0.00174
1832,-0.00275
1833,-0.00296
1834,-0.00350
1835,-0.00295
1836,-0.00353
1837,-0.00293
1838,-0.00296
1839,0.00036
1840,-0.00300
1841,-0.00234
1842,-0.00310
1843,-0.00256
1844,-0.00316
1845,-0.00277
1846,-0.00351
1847,-0.00054
1848,0.00207
1849,-0.00288
1850,-0.00294
1851,-0.00162
1852,-0.00312
1853,-0.00307
1854,-0.00298
1855,-0.00316
1856,-0.00351
1857,-0.00320
1858,-0.00419
1859,-0.00153
1860,-0.00186
1861,0.00158
1862,-0.00342
1863,-0.00180
1864,-0.00358
1865,-0.00329
1866,-0.00357
1867,-0.00379
1868,-0.00381
1869,-0.00361
1870,-0.00381
1871,-0.00376
1872,-0.00376
1873,-0.00366
1874,-0.00410
1875,-0.00332
1876,-0.00358
1877,-0.00320
1878,-0.00592
1879,-0.00182
1880,-0.00392
1881,-0.00242
1882,-0.00352
1883,-0.00432
1884,-0.00396
1885,-0.00417
1886,-0.00408
1887,-0.00348
1888,-0.00415
1889,-0.00391
1890,-0.00342
1891,0.01662
1892,-0.00417
1893,-0.00339
1894,-0.00394
1895,-0.00467
1896,-0.00284
1897,-0.00377
1898,-0.00422
1899,-0.00423
1900,-0.00402
1901,-0.00365
1902,-0.00372
1903,-0.00452
1904,-0.00280
1905,0.00115
1906,0.00029
1907,-0.00238
1908,-0.00288
1909,-0.01108
1910,-0.00471
1911,-0.00445
1912,0.00078
1913,-0.00305
1914,0.00521
1915,-0.00218
1916,0.01063
1917,-0.00384
1918,0.01884
1919,-0.00423
1920,-0.00488
1921,-0.00468
1922,-0.00470
1923,-0.00435
1924,-0.00340
1925,-0.00389
1926,-0.00558
1927,-0.00366
1928,-0.00482
1929,-0.00490
1930,-0.00347
1931,-0.00351
1932,-0.00491
1933,-0.00591
1934,-0.00504
1935,-0.00494
1936,-0.00506
1937,-0.00511
1938,-0.00504
1939,-0.00474
1940,-0.00500
1941,-0.00646
1942,-0.00511
1943,0.01738
1944,0.00246
1945,-0.00615
1946,-0.00573
1947,-0.00276
1948,-0.00440
1949,0.00072
1950,0.00019
1951,0.03132
1952,-0.00128
1953,-0.00460
1954,-0.00526
1955,-0.00492
1956,-0.00454
1957,-0.00508
1958,-0.00538
1959,-0.00537
1960,-0.00613
1961,-0.00487
1962,0.00010
1963,-0.00563
1964,-0.00496
1965,-0.00391
1966,-0.00812
1967,-0.00464
1968,-0.00432
1969,-0.00505
1970,-0.00564
1971,0.02826
1972,-0.00388
1973,0.00246
1974,-0.00146
1975,0.00368
1976,-0.00658
1977,-0.00634
1978,-0.00030
1979,0.00118
1980,-0.00205
1981,-0.00191
1982,-0.00372
1983,0.00014
1984,0.00414
1985,-0.00516
1986,0.00638
1987,-0.00312
1988,-0.01049
1989,0.00435
1990,-0.00225
1991,-0.00300
1992,-0.00143
1993,-0.00435
1994,0.00875
1995,-0.00021
1996,-0.00373
1997,-0.00310
1998,-0.00533
1999,0.00222
2000,-0.00428
2001,0.02923
2002,0.00271
2003,0.00117
2004,0.00752
2005,0.00504
2006,0.01470
2007,0.01856
2008,-0.00654
2009,0.00012
2010,0.00485
2011,-0.00503
2012,-0.00486
2013,-0.00589
2014,-0.00516
2015,-0.00467
2016,-0.00425
2017,0.00551
2018,0.00112
2019,0.00801
2020,0.01148
2021,-0.00681
2022,-0.00407
2023,0.01299
2024,0.01691
2025,-0.00051
2026,0.00777
2027,-0.00131
2028,-0.00236
2029,0.00012
2030,0.00913
2031,0.00443
2032,0.01022
2033,-0.00375
2034,0.00057
2035,0.00405
2036,-0.00437
2037,-0.00525
2038,-0.00337
2039,-0.00608
2040,-0.00339
2041,0.04044
2042,0.00581
2043,0.00915
2044,-0.00707
2045,0.02578
2046,-0.00912
2047,-0.00565
2048,-0.00504
2049,-0.00039
2050,-0.00516
2051,-0.00036
2052,-0.00436
2053,-0.00976
2054,0.00290
2055,0.00188
2056,0.00197
2057,-0.00443
2058,-0.00514
2059,-0.00220
2060,0.00155
2061,0.00102
2062,0.00580
2063,-0.01060
2064,-0.00360
2065,-0.01498
2066,0.01178
2067,-0.00311
2068,-0.00395
2069,-0.00613
2070,-0.00644
2071,-0.00491
2072,-0.00504
2073,-0.00347
2074,-0.00397
2075,-0.00222
2076,-0.00375
2077,0.00071
2078,0.00806
2079,0.02392
2080,0.01876
2081,0.00835
2082,0.01737
2083,0.04939
2084,0.01324
2085,0.02321
2086,-0.00697
2087,-0.00454
2088,-0.00841
2089,0.00623
2090,-0.00230
2091,-0.00469
2092,-0.00372
2093,-0.00386
2094,-0.00609
2095,-0.00791
2096,0.00259
2097,-0.00503
2098,0.01364
2099,0.07749
2100,0.00534
2101,-0.00127
2102,-0.00282
2103,-0.00486
2104,0.00706
2105,0.00016
2106,-0.00375
2107,-0.00456
2108,-0.00506
2109,-0.00030
2110,0.00880
2111,-0.00375
2112,-0.00300
2113,-0.00148
2114,-0.00447
2115,0.00548
2116,-0.00204
2117,-0.00301
2118,-0.00264
2119,0.02271
2120,-0.00145
2121,0.01450
2122,0.06122
2123,0.00035
2124,-0.00443
2125,0.00111
2126,0.00200
2127,0.00637
2128,-0.00358
2129,-0.00321
2130,-0.00288
2131,-0.00283
2132,-0.00324
2133,-0.00141
2134,-0.00211
2135,-0.00492
2136,0.02073
2137,0.00313
2138,0.00091
2139,-0.00321
2140,-0.00332
2141,-0.00266
2142,-0.00309
2143,-0.00219
2144,-0.00270
2145,-0.00247
2146,-0.00107
2147,-0.00063
2148,-0.00374
2149,-0.00258
2150,-0.00124
2151,-0.00216
2152,-0.00210
2153,-0.00322
2154,-0.00298
2155,-0.00395
2156,-0.00291
2157,-0.00409
2158,-0.00290
2159,-0.00287
2160,-0.00252
2161,-0.00198
2162,-0.00261
2163,-0.00269
2164,-0.00222
2165,0.00030
2166,-0.00253
2167,-0.00272
2168,0.00350
2169,0.00410
2170,-0.00287
2171,0.00180
2172,-0.00337
2173,-0.00294
2174,-0.00413
2175,-0.00337
2176,-0.00293
2177,-0.00264
2178,-0.00221
2179,-0.00303
2180,-0.00276
2181,-0.00262
2182,-0.00262
2183,-0.00259
2184,-0.00288
2185,-0.00273
2186,-0.00243
2187,0.00081
2188,-0.00133
2189,-0.00306
2190,-0.00320
2191,-0.00276
2192,0.00777
2193,0.01092
2194,-0.00369
2195,0.02053
2196,-0.00294
2197,-0.00275
2198,-0.00296
2199,-0.00322
2200,-0.00302
2201,-0.00353
2202,-0.00289
2203,-0.00296
2204,0.00036
2205,-0.00300
2206,-0.00234
2207,-0.00306
2208,-0.00256
2209,-0.00318
2210,-0.00277
2211,-0.00351
2212,-0.00271
2213,-0.00326
2214,-0.00292
2215,-0.00317
2216,-0.00162
2217,-0.00272
2218,-0.00288
2219,-0.00298
2220,-0.00316
2221,-0.00351
2222,-0.00264
2223,-0.00416
2224,-0.00059
2225,0.00403
2226,0.00156
2227,-0.00294
2228,-0.00354
2229,-0.00358
2230,-0.00319
2231,-0.00357
2232,-0.00379
2233,0.01394
2234,-0.00312
2235,-0.00381
2236,-0.00376
2237,-0.00352
2238,-0.00362
2239,0.01181
2240,-0.00136
2241,-0.00358
2242,-0.00321
2243,-0.00593
2244,-0.00181
2245,-0.00380
2246,0.01193
2247,-0.00166
2248,-0.00432
2249,-0.00359
2250,-0.00387
2251,-0.00381
2252,-0.00390
2253,-0.00403
2254,-0.00391
2255,-0.00338
2256,-0.00430
2257,-0.00414
2258,-0.00333
2259,0.00943
2260,-0.00451
2261,-0.00345
2262,-0.00337
2263,-0.00385
2264,-0.00256
2265,-0.00391
2266,-0.00365
2267,-0.00372
2268,-0.00454
2269,-0.00356
2270,-0.00805
2271,-0.00406
2272,-0.00247
2273,-0.00290
2274,0.04862
2275,-0.00466
2276,-0.00428
2277,0.00103
2278,-0.00173
2279,-0.00415
2280,-0.00433
2281,-0.00339
2282,-0.00469
2283,-0.00195
2284,0.00688
2285,-0.00398
2286,-0.00455
2287,-0.00470
2288,-0.00063
2289,-0.00476
2290,-0.00270
2291,-0.00558
2292,-0.00358
2293,-0.00476
2294,-0.00338
2295,-0.00332
2296,-0.00324
2297,-0.00264
2298,-0.00583
2299,-0.00508
2300,-0.00496
2301,-0.00469
2302,-0.00511
2303,-0.00504
2304,-0.00484
2305,-0.00504
2306,-0.00642
2307,-0.00472
2308,-0.00570
2309,-0.00476
2310,-0.00615
2311,-0.00573
2312,-0.00582
2313,-0.00591
2314,-0.00443
2315,-0.00285
2316,0.00046
2317,-0.00378
2318,-0.00480
2319,-0.00526
2320,-0.00504
2321,-0.00470
2322,-0.00508
2323,-0.00538
2324,-0.00468
2325,-0.00612
2326,-0.00486
2327,0.00010
2328,0.00548
2329,-0.00353
2330,-0.00389
2331,0.00623
2332,0.04651
2333,0.00730
2334,0.01013
2335,-0.00052
2336,-0.00668
2337,-0.00632
2338,-0.00618
2339,-0.00557
2340,0.00861
2341,0.01679
2342,-0.00530
2343,0.01696
2344,0.00620
2345,-0.00251
2346,-0.00449
2347,-0.00511
2348,-0.00047
2349,-0.00305
2350,0.00921
2351,0.01113
2352,0.00382
2353,-0.01004
2354,0.01782
2355,0.02405
2356,0.01141
2357,0.01492
2358,0.00357
2359,0.02511
2360,0.01569
2361,-0.00468
2362,0.01183
2363,-0.00424
2364,0.03428
2365,0.02725
2366,0.02364
2367,0.01263
2368,0.00109
2369,0.03847
2370,0.01215
2371,-0.00549
2372,-0.00768
2373,-0.00490
2374,0.01647
2375,0.02641
2376,0.01948
2377,-0.00208
2378,-0.00518
2379,0.00438
2380,0.00093
2381,0.01559
2382,0.02523
2383,0.02337
2384,0.03031
2385,0.00024
2386,-0.00185
2387,-0.00251
2388,-0.00431
2389,0.00970
2390,-0.00327
2391,0.00365
2392,-0.00012
2393,0.00616
2394,-0.00315
2395,-0.00575
2396,-0.00263
2397,-0.00480
2398,-0.00129
2399,-0.00374
2400,-0.00099
2401,-0.00526
2402,-0.00180
2403,-0.00135
2404,-0.00599
2405,-0.00029
2406,0.00677
2407,0.00545
2408,-0.00640
2409,-0.00766
2410,0.00007
2411,0.02388
2412,0.01187
2413,0.00023
2414,0.00138
2415,0.00926
2416,0.01085
2417,-0.00509
2418,-0.00669
2419,-0.00148
2420,0.00363
2421,0.01455
2422,-0.00375
2423,-0.00440
2424,-0.00098
2425,-0.00229
2426,0.00109
2427,-0.00573
2428,-0.00956
2429,-0.00177
2430,-0.01719
2431,-0.00493
2432,-0.00337
2433,0.00060
2434,0.00029
2435,0.00312
2436,-0.00321
2437,-0.00348
2438,-0.00259
2439,0.00633
2440,0.01536
2441,0.01039
2442,0.00002
2443,0.00529
2444,0.00118
2445,-0.00253
2446,0.02343
2447,0.00125
2448,-0.00129
2449,0.00283
2450,-0.00058
2451,0.00270
2452,-0.00452
2453,-0.00969
2454,0.00147
2455,-0.00015
2456,0.01197
2457,-0.00368
2458,-0.00041
2459,0.01809
2460,0.00118
2461,-0.00384
2462,-0.00653
2463,0.01031
2464,0.00294
2465,-0.00175
2466,0.00617
2467,-0.00326
2468,-0.00486
2469,0.00656
2470,-0.00094
2471,-0.00356
2472,-0.00442
2473,-0.00542
2474,-0.00436
2475,-0.00301
2476,-0.00361
2477,0.00216
2478,-0.00136
2479,-0.00391
2480,0.00238
2481,0.00901
2482,-0.00043
2483,-0.00418
2484,-0.00799
2485,-0.00459
2486,-0.00366
2487,0.00342
2488,-0.00292
2489,-0.00443
2490,-0.00447
2491,-0.00247
2492,-0.00042
2493,-0.00358
2494,-0.00321
2495,-0.00270
2496,-0.00380
2497,-0.00253
2498,0.01259
2499,-0.00281
2500,-0.00551
2501,0.00250
2502,-0.00129
2503,0.00040
2504,-0.00321
2505,-0.00332
2506,-0.00266
2507,-0.00286
2508,-0.00283
2509,-0.00318
2510,-0.00235
2511,-0.00233
2512,-0.00173
2513,0.03598
2514,-0.00244
2515,-0.00300
2516,-0.00280
2517,0.03173
2518,-0.00246
2519,-0.00298
2520,-0.00398
2521,-0.00289
2522,-0.00330
2523,-0.00263
2524,-0.00287
2525,-0.00252
2526,-0.00205
2527,-0.00261
2528,-0.00293
2529,-0.00269
2530,0.00034
2531,-0.00239
2532,-0.00264
2533,-0.00065
2534,-0.00221
2535,-0.00037
2536,0.04378
2537,-0.00079
2538,-0.00290
2539,-0.00380
2540,-0.00099
2541,-0.00114
2542,-0.00272
2543,-0.00131
2544,-0.00303
2545,-0.00293
2546,-0.00256
2547,-0.00019
2548,-0.00242
2549,-0.00286
2550,-0.00278
2551,-0.00271
2552,0.00112
2553,-0.00125
2554,-0.00307
2555,-0.00320
2556,-0.00276
2557,-0.00291
2558,0.00029
2559,-0.00371
2560,0.00317
2561,-0.00294
2562,-0.00275
2563,-0.00296
2564,-0.00350
2565,-0.00302
2566,-0.00353
2567,-0.00293
2568,-0.00296
2569,0.00036
2570,-0.00300
2571,-0.00080
2572,-0.00239
2573,-0.00257
2574,-0.00317
2575,-0.00248
2576,-0.00331
2577,-0.00271
2578,-0.00326
2579,-0.00292
2580,-0.00283
2581,-0.00143
2582,-0.00312
2583,-0.00184
2584,-0.00298
2585,-0.00316
2586,-0.00351
2587,-0.00319
2588,-0.00400
2589,-0.00153
2590,-0.00193
2591,0.00153
2592,-0.00349
2593,-0.00353
2594,-0.00353
2595,-0.00329
2596,-0.00089
2597,-0.00379
2598,-0.00383
2599,-0.00235
2600,-0.00380
2601,-0.00376
2602,-0.00411
2603,-0.00371
2604,-0.00410
2605,0.00022
2606,-0.00345
2607,-0.00321
2608,-0.00478
2609,-0.00078
2610,-0.00390
2611,0.00459
2612,-0.00150
2613,-0.00432
2614,-0.00191
2615,-0.00417
2616,-0.00408
2617,-0.00401
2618,-0.00415
2619,-0.00390
2620,-0.00302
2621,-0.00419
2622,-0.00406
2623,-0.00339
2624,-0.00364
2625,-0.00467
2626,-0.00344
2627,-0.00091
2628,-0.00009
2629,-0.00422
2630,-0.00390
2631,0.00348
2632,0.00823
2633,0.00315
2634,0.00306
2635,-0.00694
2636,-0.00398
2637,-0.00238
2638,-0.00292
2639,-0.01063
2640,0.00554
2641,-0.00417
2642,0.00072
2643,0.00383
2644,0.03106
2645,-0.00440
2646,-0.00352
2647,0.00542
2648,-0.00251
2649,-0.00426
2650,-0.00489
2651,-0.00468
2652,-0.00470
2653,-0.00486
2654,-0.00372
2655,-0.00397
2656,-0.00552
2657,-0.00366
2658,-0.00482
2659,-0.00490
2660,-0.00347
2661,-0.00351
2662,-0.00388
2663,-0.00526
2664,-0.00360
2665,-0.00439
2666,-0.00439
2667,-0.00479
2668,-0.00504
2669,-0.00484
2670,-0.00495
2671,-0.00646
2672,-0.00502
2673,-0.00570
2674,0.03142
2675,-0.00283
2676,-0.00185
2677,-0.00067
2678,0.04128
2679,-0.00230
2680,0.00582
2681,0.00035
2682,-0.00377
2683,-0.00488
2684,-0.00526
2685,-0.00504
2686,-0.00470
2687,-0.00508
2688,-0.00538
2689,-0.00537
2690,-0.00555
2691,-0.00326
2692,0.00589
2693,-0.00532
2694,-0.00472
2695,-0.00385
2696,-0.00705
2697,-0.00410
2698,-0.00365
2699,-0.00267
2700,0.02520
2701,-0.00515
2702,0.00378
2703,0.00028
2704,0.00615
2705,0.01110
2706,0.04199
2707,0.00372
2708,-0.00085
2709,0.00417
2710,-0.00515
2711,0.00392
2712,-0.00311
2713,0.00383
2714,0.00187
2715,0.00242
2716,0.00856
2717,-0.00323
2718,0.00074
2719,0.00616
2720,0.00341
2721,-0.00190
2722,-0.00416
2723,0.00492
2724,0.00126
2725,0.00073
2726,0.00034
2727,-0.00279
2728,-0.00587
2729,0.01320
2730,0.04047
2731,0.01362
2732,0.00378
2733,0.00185
2734,-0.00264
2735,0.00131
2736,0.00207
2737,0.00205
2738,-0.00539
2739,-0.00191
2740,0.00628
2741,-0.00550
2742,-0.00713
2743,-0.00389
2744,-0.00309
2745,-0.00315
2746,-0.00278
2747,-0.00633
2748,-0.01031
2749,-0.00495
2750,-0.00584
2751,-0.00670
2752,-0.00303
2753,-0.00395
2754,0.01081
2755,-0.00057
2756,-0.00186
2757,-0.00389
2758,-0.00401
2759,-0.00475
2760,-0.00475
2761,-0.00071
2762,-0.00497
2763,-0.00458
2764,-0.00358
2765,-0.00444
2766,-0.00439
2767,-0.00500
2768,-0.00141
2769,-0.00543
2770,-0.00398
2771,-0.00653
2772,-0.00438
2773,-0.00584
2774,-0.00714
2775,0.00961
2776,-0.00613
2777,-0.00316
2778,0.02323
2779,0.00418
2780,-0.00597
2781,0.00238
2782,-0.00411
2783,0.00483
2784,-0.00196
2785,-0.00356
2786,0.00673
2787,-0.00371
2788,-0.00180
2789,0.00660
2790,0.02985
2791,-0.00351
2792,-0.00465
2793,-0.01045
2794,-0.00360
2795,-0.01359
2796,-0.00367
2797,-0.00538
2798,0.01404
2799,-0.00450
2800,0.00098
2801,-0.00303
2802,0.00510
2803,-0.00237
2804,-0.00268
2805,0.00216
2806,0.03259
2807,0.00439
2808,0.00232
2809,0.00011
2810,-0.00777
2811,-0.00404
2812,0.00236
2813,0.00058
2814,-0.00311
2815,0.00023
2816,-0.00698
2817,-0.00422
2818,-0.00421
2819,0.00015
2820,-0.00168
2821,0.00035
2822,-0.00094
2823,0.00367
2824,-0.00121
2825,-0.00108
2826,0.02394
2827,-0.00115
2828,-0.00293
2829,0.01360
2830,0.01428
2831,0.00048
2832,-0.00248
2833,-0.00475
2834,0.00639
2835,-0.00457
2836,-0.00448
2837,-0.00456
2838,-0.00540
2839,-0.00515
2840,-0.00335
2841,-0.00280
2842,-0.00335
2843,-0.00150
2844,-0.00513
2845,0.00213
2846,-0.00336
2847,-0.00300
2848,-0.00316
2849,-0.00794
2850,-0.00462
2851,-0.00334
2852,0.00223
2853,-0.00292
2854,-0.00453
2855,-0.00332
2856,0.00017
2857,-0.00065
2858,-0.00357
2859,0.00706
2860,-0.00254
2861,0.00093
2862,-0.00339
2863,0.00066
2864,0.00092
2865,-0.00285
2866,0.02311
2867,0.00180
2868,0.12205
2869,-0.00225
2870,-0.00025
2871,0.00242
2872,-0.00278
2873,-0.00259
2874,-0.00270
2875,-0.00219
2876,-0.00233
2877,-0.00173
2878,-0.00374
2879,-0.00258
2880,-0.00157
2881,-0.00257
2882,-0.00234
2883,-0.00322
2884,-0.00298
2885,-0.00398
2886,-0.00291
2887,-0.00416
2888,-0.00290
2889,-0.00286
2890,-0.00252
2891,-0.00205
2892,-0.00261
2893,-0.00293
2894,-0.00274
2895,0.00083
2896,-0.00199
2897,-0.00315
2898,-0.00292
2899,-0.00290
2900,-0.00306
2901,0.00101
2902,0.00865
2903,-0.00297
2904,-0.00408
2905,-0.00359
2906,0.00869
2907,-0.00280
2908,-0.00081
2909,-0.00156
2910,-0.00294
2911,-0.00263
2912,-0.00262
2913,-0.00259
2914,-0.00225
2915,0.00035
2916,-0.00262
2917,-0.00323
2918,-0.00143
2919,-0.00307
2920,-0.00320
2921,-0.00276
2922,-0.00291
2923,-0.00264
2924,-0.00379
2925,-0.00287
2926,-0.00287
2927,-0.00275
2928,-0.00296
2929,-0.00350
2930,-0.00291
2931,-0.00353
2932,-0.00264
2933,-0.00296
2934,0.00036
2935,-0.00300
2936,-0.00234
2937,-0.00310
2938,-0.00257
2939,-0.00318
2940,-0.00277
2941,0.01204
2942,-0.00234
2943,-0.00326
2944,-0.00237
2945,-0.00317
2946,-0.00162
2947,-0.00312
2948,-0.00307
2949,-0.00205
2950,-0.00223
2951,-0.00258
2952,-0.00227
2953,-0.00326
2954,-0.00060
2955,-0.00100
2956,0.00169
2957,-0.00349
2958,-0.00335
2959,-0.00306
2960,-0.00328
2961,-0.00356
2962,-0.00379
2963,-0.00383
2964,-0.00227
2965,-0.00380
2966,-0.00376
2967,-0.00411
2968,-0.00371
2969,-0.00221
2970,-0.00332
2971,-0.00325
2972,-0.00321
2973,-0.00593
2974,-0.00135
2975,-0.00392
2976,-0.00242
2977,-0.00351
2978,-0.00431
2979,0.02415
2980,-0.00329
2981,-0.00407
2982,-0.00408
2983,-0.00399
2984,-0.00415
2985,-0.00391
2986,-0.00342
2987,-0.00430
2988,-0.00417
2989,-0.00339
2990,-0.00394
2991,-0.00467
2992,-0.00345
2993,-0.00397
2994,-0.00428
2995,-0.00423
2996,-0.00427
2997,-0.00331
2998,-0.00372
2999,-0.00381
3000,-0.00349
3001,-0.00767
3002,-0.00402
3003,-0.00247
3004,-0.00293
3005,-0.01108
3006,-0.00464
3007,-0.00397
3008,0.00511
3009,-0.00118
3010,-0.00399
3011,-0.00439
3012,-0.00219
3013,-0.00469
3014,-0.00244
3015,-0.00426
3016,-0.00486
3017,-0.00468
3018,-0.00470
3019,-0.00486
3020,-0.00479
3021,-0.00378
3022,-0.00558
3023,-0.00366
3024,-0.00482
3025,-0.00166
3026,0.01784
3027,0.00746
3028,-0.00504
3029,-0.00617
3030,-0.00512
3031,-0.00497
3032,-0.00506
3033,-0.00511
3034,-0.00504
3035,-0.00484
3036,-0.00504
3037,-0.00640
3038,-0.00512
3039,-0.00570
3040,-0.00473
3041,0.00406
3042,0.01443
3043,-0.00573
3044,-0.00309
3045,-0.00407
3046,-0.00172
3047,0.02503
3048,-0.00222
3049,-0.00487
3050,-0.00526
3051,-0.00504
3052,-0.00470
3053,-0.00508
3054,-0.00508
3055,-0.00503
3056,-0.00598
3057,-0.00482
3058,-0.00008
3059,-0.00538
3060,-0.00466
3061,-0.00390
3062,-0.00773
3063,-0.00467
3064,-0.00474
3065,-0.00532
3066,-0.00585
3067,-0.00707
3068,-0.00632
3069,-0.00618
3070,-0.00641
3071,-0.00512
3072,-0.00718
3073,-0.00634
3074,-0.00085
3075,0.00116
3076,-0.00643
3077,-0.00510
3078,-0.00494
3079,-0.00008
3080,-0.00330
3081,-0.00505
3082,0.00716
3083,-0.00226
3084,-0.01012
3085,0.00507
3086,-0.00306
3087,-0.00325
3088,-0.00489
3089,-0.00435
3090,-0.00458
3091,-0.00169
3092,-0.00513
3093,-0.00450
3094,-0.00621
3095,-0.00323
3096,-0.00136
3097,-0.00287
3098,-0.00567
3099,-0.00491
3100,-0.00330
3101,-0.00354
3102,-0.00634
3103,-0.00263
3104,-0.00338
3105,-0.00158
3106,0.00413
3107,-0.00529
3108,-0.00620
3109,-0.00352
3110,-0.00431
3111,-0.00601
3112,-0.00558
3113,-0.00633
3114,-0.01052
3115,-0.00493
3116,-0.00536
3117,-0.00597
3118,-0.00405
3119,-0.00293
3120,0.00972
3121,0.00352
3122,0.00563
3123,0.00177
3124,0.02086
3125,0.00039
3126,-0.00172
3127,-0.00301
3128,-0.00547
3129,-0.00387
3130,0.00403
3131,-0.00396
3132,0.01359
3133,0.00434
3134,-0.00080
3135,-0.00404
3136,-0.00365
3137,0.00745
3138,0.01279
3139,0.01574
3140,-0.00103
3141,0.01357
3142,-0.00799
3143,0.00042
3144,-0.00368
3145,0.00012
3146,-0.00608
3147,-0.00067
3148,0.00565
3149,-0.00973
3150,-0.00784
3151,-0.00468
3152,0.00091
3153,-0.00415
3154,-0.00509
3155,-0.00236
3156,-0.00125
3157,-0.00586
3158,-0.00192
3159,-0.00763
3160,-0.00123
3161,-0.01289
3162,-0.00468
3163,-0.00722
3164,-0.00467
3165,-0.00599
3166,-0.00596
3167,-0.00345
3168,-0.00222
3169,-0.00143
3170,0.00042
3171,0.03653
3172,0.03285
3173,-0.00162
3174,0.00630
3175,0.00283
3176,-0.00638
3177,-0.00196
3178,0.00006
3179,-0.00501
3180,-0.00506
3181,0.00266
3182,-0.00102
3183,-0.00427
3184,-0.00266
3185,0.00094
3186,0.00033
3187,-0.00289
3188,0.00043
3189,0.01191
3190,-0.00598
3191,-0.00918
3192,0.01110
3193,-0.00122
3194,-0.00480
3195,0.00815
3196,0.00042
3197,-0.00237
3198,-0.00249
3199,-0.00441
3200,0.00762
3201,-0.00435
3202,-0.00374
3203,-0.00169
3204,-0.00069
3205,-0.00439
3206,-0.00283
3207,-0.00387
3208,0.00575
3209,0.00281
3210,-0.00409
3211,0.08952
3212,0.00943
3213,-0.00313
3214,-0.00408
3215,-0.00692
3216,-0.00385
3217,0.03269
3218,0.00491
3219,-0.00238
3220,0.00139
3221,-0.00449
3222,-0.00391
3223,-0.00065
3224,-0.00358
3225,-0.00321
3226,-0.00287
3227,-0.00380
3228,-0.00229
3229,-0.00263
3230,-0.00275
3231,-0.00551
3232,0.00250
3233,-0.00017
3234,0.01318
3235,-0.00269
3236,-0.00332
3237,0.00187
3238,-0.00299
3239,-0.00230
3240,-0.00287
3241,-0.00253
3242,0.00263
3243,-0.00150
3244,-0.00354
3245,-0.00249
3246,-0.00299
3247,-0.00273
3248,-0.00222
3249,-0.00318
3250,-0.00276
3251,-0.00390
3252,-0.00094
3253,0.01157
3254,-0.00285
3255,-0.00271
3256,-0.00250
3257,-0.00205
3258,-0.00261
3259,-0.00293
3260,-0.00274
3261,0.00030
3262,-0.00252
3263,-0.00316
3264,-0.00287
3265,-0.00281
3266,-0.00276
3267,0.00110
3268,-0.00269
3269,-0.00286
3270,-0.00416
3271,-0.00346
3272,-0.00271
3273,-0.00275
3274,-0.00193
3275,-0.00060
3276,-0.00252
3277,-0.00233
3278,-0.00250
3279,-0.00256
3280,-0.00280
3281,-0.00276
3282,-0.00256
3283,-0.00060
3284,-0.00129
3285,-0.00307
3286,-0.00320
3287,-0.00164
3288,-0.00272
3289,-0.00217
3290,-0.00378
3291,-0.00286
3292,-0.00290
3293,-0.00270
3294,-0.00267
3295,-0.00312
3296,-0.00290
3297,-0.00344
3298,-0.00291
3299,-0.00293
3300,0.00041
3301,-0.00286
3302,-0.00221
3303,0.00707
3304,-0.00207
3305,-0.00314
3306,-0.00274
3307,-0.00319
3308,-0.00267
3309,-0.00320
3310,-0.00270
3311,-0.00275
3312,-0.00150
3313,-0.00303
3314,-0.00297
3315,-0.00278
3316,-0.00298
3317,0.00029
3318,-0.00307
3319,-0.00383
3320,-0.00134
3321,-0.00184
3322,0.00231
3323,-0.00321
3324,-0.00347
3325,-0.00358
3326,-0.00329
3327,-0.00357
3328,-0.00376
3329,-0.00380
3330,-0.00354
3331,-0.00380
3332,-0.00375
3333,-0.00411
3334,-0.00371
3335,-0.00408
3336,-0.00331
3337,-0.00358
3338,-0.00321
3339,-0.00593
3340,-0.00182
3341,-0.00392
3342,-0.00242
3343,-0.00349
3344,-0.00350
3345,-0.00380
3346,-0.00284
3347,-0.00386
3348,-0.00252
3349,-0.00407
3350,-0.00387
3351,0.01097
3352,-0.00397
3353,-0.00410
3354,-0.00336
3355,-0.00386
3356,-0.00389
3357,0.02398
3358,-0.00395
3359,-0.00425
3360,-0.00423
3361,-0.00427
3362,-0.00364
3363,-0.00367
3364,-0.00434
3365,0.02159
3366,-0.00792
3367,-0.00403
3368,-0.00244
3369,-0.00287
3370,-0.01106
3371,-0.00022
3372,-0.00444
3373,0.00072
3374,-0.00308
3375,-0.00423
3376,-0.00418
3377,-0.00342
3378,-0.00468
3379,-0.00249
3380,-0.00423
3381,-0.00406
3382,-0.00468
3383,-0.00469
3384,-0.00484
3385,-0.00478
3386,0.00985
3387,0.03082
3388,-0.00365
3389,-0.00482
3390,-0.00490
3391,-0.00315
3392,-0.00303
3393,-0.00467
3394,-0.00613
3395,-0.00511
3396,-0.00385
3397,-0.00489
3398,-0.00511
3399,-0.00500
3400,-0.00466
3401,-0.00503
3402,-0.00536
3403,-0.00510
3404,-0.00569
3405,-0.00327
3406,-0.00593
3407,-0.00573
3408,-0.00583
3409,-0.00557
3410,-0.00435
3411,-0.00008
3412,0.00622
3413,0.00060
3414,0.00842
3415,-0.00485
3416,-0.00504
3417,-0.00470
3418,-0.00507
3419,-0.00536
3420,-0.00526
3421,-0.00610
3422,-0.00484
3423,0.00032
3424,-0.00559
3425,-0.00478
3426,-0.00369
3427,-0.00744
3428,-0.00279
3429,-0.00467
3430,0.00450
3431,-0.00012
3432,-0.00650
3433,-0.00610
3434,-0.00607
3435,-0.00463
3436,-0.00506
3437,-0.00576
3438,-0.00419
3439,-0.00038
3440,0.00417
3441,0.00157
3442,0.00806
3443,0.01628
3444,0.00244
3445,0.00675
3446,-0.00537
3447,0.00681
3448,-0.00398
3449,0.01199
3450,0.04305
3451,-0.00039
3452,-0.00321
3453,-0.00433
3454,-0.00436
3455,-0.00456
3456,0.00905
3457,0.00635
3458,0.01722
3459,0.02089
3460,0.04626
3461,-0.00595
3462,0.00747
3463,0.00234
3464,-0.00510
3465,-0.00245
3466,-0.00023
3467,-0.00120
3468,-0.00428
3469,-0.00814
3470,-0.00063
3471,0.00561
3472,-0.00304
3473,-0.00582
3474,-0.00612
3475,-0.00535
3476,-0.00617
3477,-0.00455
3478,0.03211
3479,-0.00022
3480,-0.00315
3481,-0.00599
3482,-0.00682
3483,-0.00350
3484,-0.00279
3485,0.01096
3486,-0.00199
3487,-0.00248
3488,-0.00281
3489,-0.00136
3490,-0.00424
3491,-0.00555
3492,-0.00303
3493,-0.00457
3494,-0.00185
3495,-0.00167
3496,0.00200
3497,-0.00050
3498,-0.00558
3499,-0.00123
3500,-0.00602
3501,-0.00570
3502,-0.00766
3503,-0.00661
3504,-0.00547
3505,-0.00769
3506,-0.00068
3507,-0.00361
3508,0.00623
3509,-0.00556
3510,0.00079
3511,-0.00567
3512,-0.00111
3513,-0.00411
3514,-0.00926
3515,-0.00746
3516,-0.00500
3517,0.00024
3518,-0.00444
3519,-0.00502
3520,-0.00352
3521,-0.00475
3522,-0.00366
3523,-0.00129
3524,-0.00675
3525,0.00187
3526,0.11625
3527,0.02558
3528,-0.00689
3529,-0.00661
3530,-0.00669
3531,-0.00297
3532,-0.00431
3533,-0.00448
3534,0.00852
3535,0.00527
3536,0.00181
3537,-0.00287
3538,-0.00198
3539,-0.00311
3540,-0.00067
3541,-0.00784
3542,0.01631
3543,0.00879
3544,-0.00428
3545,-0.00571
3546,-0.00061
3547,-0.00697
3548,-0.00426
3549,-0.00949
3550,0.00028
3551,0.01059
3552,0.03279
3553,-0.00300
3554,-0.00285
3555,-0.00612
3556,-0.00881
3557,0.00075
3558,-0.00588
3559,-0.00288
3560,0.00132
3561,-0.00048
3562,0.00333
3563,-0.00006
3564,0.00199
3565,0.01060
3566,0.00218
3567,-0.00021
3568,0.00618
3569,-0.00142
3570,-0.00468
3571,-0.00324
3572,-0.00328
3573,-0.00300
3574,-0.00137
3575,-0.00513
3576,0.01248
3577,0.00658
3578,-0.00306
3579,-0.00403
3580,0.00446
3581,0.00024
3582,-0.00340
3583,-0.00017
3584,-0.00266
3585,0.01469
3586,0.01536
3587,-0.00391
3588,-0.00065
3589,-0.00354
3590,-0.00310
3591,-0.00289
3592,-0.00380
3593,-0.00276
3594,-0.00250
3595,-0.00266
3596,-0.00529
3597,0.00313
3598,-0.00126
3599,0.00054
3600,-0.00310
3601,-0.00275
3602,-0.00266
3603,-0.00310
3604,-0.00279
3605,-0.00317
3606,-0.00151
3607,-0.00215
3608,-0.00173
3609,-0.00374
3610,-0.00033
3611,0.00335
3612,-0.00159
3613,-0.00222
3614,-0.00238
3615,-0.00292
3616,-0.00391
3617,-0.00277
3618,-0.00411
3619,-0.00290
3620,-0.00276
3621,-0.00250
3622,0.00239
3623,-0.00259
3624,-0.00293
3625,-0.00272
3626,0.00030
3627,-0.00254
3628,-0.00314
3629,0.00018
3630,0.00365
3631,-0.00248
3632,0.00220
3633,-0.00330
3634,-0.00276
3635,-0.00371
3636,-0.00348
3637,-0.00287
3638,-0.00077
3639,-0.00187
3640,-0.00300
3641,-0.00273
3642,-0.00257
3643,-0.00251
3644,-0.00251
3645,-0.00284
3646,-0.00276
3647,-0.00263
3648,-0.00259
3649,-0.00143
3650,-0.00307
3651,-0.00314
3652,-0.00267
3653,-0.00290
3654,-0.00264
3655,-0.00371
3656,-0.00284
3657,-0.00292
3658,-0.00275
3659,-0.00296
3660,-0.00325
3661,-0.00296
3662,-0.00353
3663,-0.00284
3664,-0.00292
3665,0.00057
3666,-0.00158
3667,0.00675
3668,-0.00309
3669,-0.00257
3670,-0.00310
3671,-0.00202
3672,-0.00180
3673,-0.00261
3674,-0.00323
3675,-0.00292
3676,-0.00272
3677,-0.00162
3678,-0.00310
3679,-0.00295
3680,-0.00295
3681,-0.00315
3682,-0.00348
3683,-0.00320
3684,-0.00346
3685,-0.00149
3686,-0.00193
3687,0.00154
3688,0.01276
3689,0.01111
3690,-0.00358
3691,-0.00329
3692,-0.00357
3693,-0.00378
3694,-0.00383
3695,-0.00360
3696,0.00182
3697,-0.00374
3698,-0.00410
3699,-0.00365
3700,-0.00402
3701,-0.00322
3702,-0.00339
3703,-0.00313
3704,-0.00583
3705,-0.00172
3706,-0.00385
3707,-0.00237
3708,-0.00347
3709,0.02203
3710,-0.00392
3711,0.00010
3712,-0.00408
3713,-0.00399
3714,-0.00414
3715,-0.00391
3716,-0.00329
3717,-0.00416
3718,-0.00406
3719,-0.00327
3720,-0.00382
3721,-0.00457
3722,-0.00333
3723,-0.00381
3724,-0.00414
3725,-0.00414
3726,-0.00405
3727,-0.00353
3728,-0.00359
3729,-0.00445
3730,-0.00354
3731,-0.00802
3732,-0.00406
3733,-0.00247
3734,-0.00292
3735,-0.01105
3736,0.01274
3737,-0.00439
3738,0.00072
3739,-0.00309
3740,-0.00422
3741,-0.00439
3742,-0.00349
3743,-0.00463
3744,-0.00247
3745,-0.00424
3746,-0.00489
3747,-0.00455
3748,-0.00462
3749,-0.00486
3750,-0.00478
3751,-0.00397
3752,-0.00551
3753,0.00731
3754,0.01703
3755,-0.00104
3756,-0.00347
3757,-0.00351
3758,-0.00504
3759,-0.00617
3760,-0.00504
3761,-0.00488
3762,-0.00490
3763,-0.00468
3764,-0.00503
3765,-0.00484
3766,-0.00504
3767,-0.00623
3768,-0.00500
3769,-0.00558
3770,-0.00430
3771,-0.00388
3772,-0.00569
3773,-0.00589
3774,-0.00598
3775,-0.00443
3776,-0.00285
3777,0.00018
3778,-0.00377
3779,-0.00462
3780,-0.00500
3781,-0.00503
3782,-0.00467
3783,-0.00408
3784,-0.00515
3785,-0.00504
3786,-0.00525
3787,-0.00485
3788,-0.00007
3789,0.01067
3790,0.01697
3791,-0.00339
3792,-0.00807
3793,-0.00467
3794,-0.00485
3795,-0.00531
3796,-0.00579
3797,-0.00701
3798,-0.00590
3799,0.01231
3800,0.01208
3801,0.01337
3802,0.01131
3803,-0.00626
3804,-0.00077
3805,0.00222
3806,0.00149
3807,-0.00448
3808,-0.00132
3809,0.00788
3810,0.00078
3811,-0.00539
3812,0.00645
3813,-0.00388
3814,-0.01049
3815,0.00691
3816,-0.00033
3817,-0.00286
3818,-0.00488
3819,-0.00438
3820,-0.00458
3821,-0.00202
3822,-0.00472
3823,-0.00352
3824,-0.00665
3825,-0.00381
3826,-0.00612
3827,-0.00284
3828,-0.00580
3829,0.00124
3830,0.01004
3831,-0.00376
3832,-0.00495
3833,-0.00877
3834,-0.00780
3835,-0.00136
3836,0.01010
3837,-0.00270
3838,-0.00698
3839,-0.00590
3840,0.00413
3841,0.01929
3842,-0.00170
3843,-0.00594
3844,-0.00978
3845,0.00390
3846,0.02394
3847,0.01863
3848,0.01431
3849,-0.00395
3850,0.00848
3851,-0.00319
3852,-0.00283
3853,-0.00354
3854,0.00190
3855,-0.00297
3856,0.03250
3857,0.01003
3858,-0.00472
3859,-0.00454
3860,-0.00545
3861,-0.00421
3862,-0.00364
3863,0.00170
3864,-0.00242
3865,-0.00683
3866,-0.00597
3867,-0.00745
3868,-0.00715
3869,-0.00687
3870,-0.00769
3871,0.00337
3872,-0.00664
3873,-0.00496
3874,0.01817
3875,0.00017
3876,-0.00602
3877,-0.00179
3878,-0.00529
3879,0.00019
3880,0.00958
3881,-0.00164
3882,0.00073
3883,-0.00440
3884,-0.00324
3885,0.00426
3886,0.00258
3887,0.00053
3888,-0.00330
3889,-0.00875
3890,-0.00284
3891,-0.01580
3892,-0.00512
3893,-0.00738
3894,-0.00590
3895,0.02224
3896,0.00114
3897,-0.00656
3898,0.00154
3899,0.00050
3900,0.00122
3901,0.02278
3902,0.01070
3903,0.00013
3904,-0.00303
3905,0.00031
3906,-0.00720
3907,-0.00369
3908,-0.00036
3909,-0.00432
3910,-0.00580
3911,0.00023
3912,-0.00405
3913,0.01563
3914,-0.00872
3915,0.00119
3916,0.00871
3917,-0.00122
3918,-0.00120
3919,-0.00277
3920,-0.00610
3921,-0.00902
3922,-0.00445
3923,-0.00713
3924,0.00026
3925,-0.00063
3926,0.00316
3927,0.00382
3928,-0.00306
3929,-0.00446
3930,0.00679
3931,-0.00410
3932,-0.00152
3933,-0.00185
3934,-0.00539
3935,-0.00514
3936,0.00240
3937,-0.00271
3938,-0.00251
3939,0.01410
3940,-0.00503
3941,0.00183
3942,-0.00336
3943,-0.00314
3944,-0.00418
3945,-0.00797
3946,-0.00462
3947,-0.00369
3948,-0.00076
3949,-0.00286
3950,0.00479
3951,-0.00446
3952,-0.00388
3953,-0.00063
3954,-0.00352
3955,-0.00097
3956,-0.00289
3957,-0.00218
3958,-0.00272
3959,-0.00289
3960,0.00838
3961,-0.00504
3962,0.00318
3963,-0.00125
3964,0.00039
3965,-0.00318
3966,-0.00329
3967,-0.00264
3968,-0.00310
3969,-0.00281
3970,-0.00317
3971,-0.00260
3972,-0.00233
3973,0.00460
3974,-0.00281
3975,-0.00245
3976,-0.00261
3977,-0.00273
3978,-0.00168
3979,-0.00307
3980,-0.00294
3981,-0.00398
3982,-0.00291
3983,-0.00393
3984,-0.00210
3985,-0.00136
3986,-0.00231
3987,-0.00045
3988,-0.00246
3989,-0.00288
3990,-0.00266
3991,0.00038
3992,-0.00235
3993,-0.00232
3994,-0.00288
3995,-0.00290
3996,-0.00296
3997,0.00100
3998,-0.00331
3999,-0.00291
4000,-0.00413
4001,-0.00337
4002,0.00360
4003,0.00119
4004,0.00331
4005,-0.00273
4006,-0.00107
4007,-0.00123
4008,-0.00259
4009,-0.00251
4010,-0.00283
4011,-0.00133
4012,-0.00263
4013,0.01496
4014,-0.00043
4015,-0.00306
4016,-0.00320
4017,-0.00271
4018,-0.00284
4019,-0.00264
4020,-0.00379
4021,-0.00243
4022,-0.00294
4023,-0.00272
4024,-0.00292
4025,-0.00318
4026,-0.00294
4027,-0.00342
4028,-0.00292
4029,-0.00296
4030,0.00039
4031,-0.00299
4032,-0.00233
4033,-0.00308
4034,-0.00252
4035,-0.00316
4036,-0.00252
4037,-0.00350
4038,-0.00227
4039,-0.00306
4040,-0.00237
4041,-0.00244
4042,0.00078
4043,-0.00276
4044,-0.00015
4045,-0.00298
4046,-0.00068
4047,-0.00342
4048,-0.00320
4049,-0.00419
4050,-0.00153
4051,-0.00177
4052,0.00273
4053,-0.00230
4054,0.00396
4055,-0.00263
4056,-0.00327
4057,-0.00268
4058,-0.00379
4059,-0.00381
4060,-0.00358
4061,0.00237
4062,0.02734
4063,-0.00135
4064,-0.00371
4065,-0.00342
4066,-0.00332
4067,-0.00358
4068,-0.00292
4069,-0.00593
4070,-0.00182
4071,-0.00370
4072,-0.00242
4073,-0.00352
4074,-0.00432
4075,-0.00395
4076,-0.00222
4077,-0.00318
4078,0.00458
4079,-0.00396
4080,-0.00373
4081,-0.00342
4082,-0.00429
4083,-0.00355
4084,-0.00339
4085,-0.00365
4086,-0.00375
4087,-0.00337
4088,-0.00397
4089,-0.00428
4090,-0.00423
4091,-0.00427
4092,-0.00364
4093,-0.00372
4094,0.00085
4095,-0.00355
4096,-0.00805
4097,-0.00406
4098,-0.00233
4099,0.00084
4100,-0.00095
4101,-0.00448
4102,-0.00369
4103,0.00072
4104,-0.00309
4105,-0.00423
4106,-0.00440
4107,-0.00352
4108,-0.00469
4109,-0.00251
4110,-0.00426
4111,-0.00486
4112,-0.00440
4113,-0.00453
4114,0.00321
4115,-0.00477
4116,-0.00397
4117,-0.00557
4118,-0.00337
4119,0.08484
4120,-0.00430
4121,0.04250
4122,-0.00351
4123,-0.00495
4124,0.00106
4125,-0.00512
4126,-0.00497
4127,-0.00437
4128,-0.00509
4129,-0.00485
4130,-0.00440
4131,-0.00504
4132,-0.00646
4133,-0.00512
4134,-0.00570
4135,-0.00476
4136,-0.00614
4137,-0.00544
4138,-0.00588
4139,-0.00598
4140,-0.00443
4141,-0.00276
4142,0.00029
4143,-0.00344
4144,-0.00479
4145,0.02818
4146,-0.00497
4147,-0.00470
4148,-0.00456
4149,-0.00514
4150,-0.00517
4151,-0.00598
4152,-0.00482
4153,0.02064
4154,0.00351
4155,-0.00102
4156,-0.00374
4157,0.00513
4158,0.01794
4159,0.00695
4160,0.00124
4161,0.00442
4162,-0.00679
4163,0.00167
4164,-0.00501
4165,-0.00616
4166,-0.00507
4167,-0.00715
4168,-0.00633
4169,-0.00082
4170,0.00364
4171,0.04320
4172,-0.00247
4173,-0.00480
4174,-0.00040
4175,-0.00155
4176,-0.00372
4177,0.00814
4178,-0.00261
4179,-0.00996
4180,0.00517
4181,-0.00132
4182,-0.00149
4183,0.01302
4184,0.01006
4185,0.03112
4186,0.04712
4187,-0.00170
4188,0.00831
4189,-0.00641
4190,-0.00424
4191,-0.00586
4192,-0.00258
4193,-0.00564
4194,-0.00153
4195,0.00066
4196,0.00636
4197,0.01074
4198,0.08851
4199,0.00062
4200,0.00783
4201,0.01363
4202,0.02862
4203,0.00919
4204,0.00582
4205,0.00077
4206,-0.00544
4207,-0.00157
4208,-0.00556
4209,-0.00940
4210,-0.00489
4211,-0.00342
4212,-0.00590
4213,-0.00347
4214,-0.00416
4215,0.02033
4216,0.00544
4217,-0.00027
4218,-0.00334
4219,-0.00400
4220,-0.00483
4221,0.00343
4222,0.02909
4223,0.01569
4224,0.00444
4225,-0.00552
4226,-0.00216
4227,0.01221
4228,-0.00055
4229,-0.00044
4230,-0.00366
4231,0.00128
4232,-0.00145
4233,-0.00714
4234,-0.00708
4235,-0.00806
4236,-0.00217
4237,0.02143
4238,-0.00617
4239,-0.00333
4240,-0.00015
4241,-0.00328
4242,-0.00150
4243,-0.00475
4244,-0.00850
4245,0.01117
4246,-0.00502
4247,0.00666
4248,0.00008
4249,0.00010
4250,-0.00314
4251,-0.00523
4252,-0.00556
4253,-0.00384
4254,-0.00938
4255,-0.00279
4256,-0.00995
4257,-0.00563
4258,-0.00792
4259,-0.00686
4260,-0.00629
4261,-0.00641
4262,-0.00710
4263,-0.00495
4264,-0.00237
4265,-0.00255
4266,0.00584
4267,-0.00500
4268,-0.00170
4269,-0.00089
4270,0.03112
4271,0.00057
4272,-0.00391
4273,-0.00103
4274,0.00029
4275,-0.00327
4276,0.00094
4277,-0.00284
4278,-0.00357
4279,-0.00612
4280,0.00623
4281,0.00176
4282,-0.00423
4283,0.00573
4284,-0.00199
4285,0.02338
4286,0.03855
4287,0.03062
4288,0.04820
4289,-0.00463
4290,-0.00082
4291,0.01831
4292,0.07781
4293,0.04073
4294,-0.00455
4295,0.00670
4296,-0.00404
4297,-0.00086
4298,-0.00246
4299,-0.00308
4300,-0.00478
4301,-0.00216
4302,-0.00245
4303,-0.00278
4304,-0.00145
4305,0.00527
4306,0.00184
4307,-0.00327
4308,-0.00194
4309,0.00929
4310,-0.00794
4311,0.00573
4312,-0.00336
4313,0.00030
4314,-0.00278
4315,-0.00427
4316,-0.00197
4317,0.02023
4318,0.07082
4319,-0.00351
4320,0.00393
4321,-0.00214
4322,0.00658
4323,0.00301
4324,-0.00251
4325,-0.00270
4326,-0.00551
4327,0.00250
4328,-0.00128
4329,0.00041
4330,-0.00319
4331,-0.00313
4332,-0.00266
4333,-0.00310
4334,-0.00262
4335,-0.00310
4336,-0.00182
4337,0.00006
4338,-0.00148
4339,-0.00374
4340,-0.00255
4341,-0.00271
4342,-0.00249
4343,-0.00234
4344,-0.00314
4345,-0.00277
4346,0.00003
4347,-0.00256
4348,-0.00384
4349,-0.00238
4350,-0.00261
4351,-0.00231
4352,-0.00190
4353,-0.00241
4354,-0.00263
4355,-0.00250
4356,0.00030
4357,-0.00249
4358,-0.00292
4359,-0.00289
4360,-0.00027
4361,-0.00237
4362,0.00100
4363,-0.00337
4364,-0.00276
4365,-0.00409
4366,-0.00273
4367,-0.00251
4368,-0.00271
4369,0.00428
4370,-0.00301
4371,-0.00291
4372,-0.00228
4373,0.00096
4374,-0.00259
4375,-0.00281
4376,-0.00275
4377,-0.00156
4378,-0.00220
4379,-0.00116
4380,-0.00307
4381,-0.00320
4382,-0.00276
4383,-0.00291
4384,-0.00262
4385,-0.00319
4386,-0.00287
4387,-0.00293
4388,-0.00160
4389,-0.00226
4390,-0.00349
4391,-0.00294
4392,-0.00351
4393,-0.00293
4394,-0.00295
4395,0.00041
4396,-0.00255
4397,-0.00228
4398,-0.00310
4399,-0.00252
4400,-0.00316
4401,-0.00277
4402,-0.00351
4403,-0.00184
4404,-0.00226
4405,-0.00262
4406,-0.00291
4407,0.00099
4408,-0.00312
4409,-0.00306
4410,-0.00297
4411,-0.00231
4412,-0.00351
4413,-0.00320
4414,-0.00419
4415,-0.00153
4416,-0.00191
4417,0.00153
4418,-0.00343
4419,-0.00351
4420,-0.00352
4421,-0.00246
4422,-0.00337
4423,-0.00358
4424,-0.00308
4425,-0.00360
4426,-0.00381
4427,0.02970
4428,0.00174
4429,-0.00371
4430,-0.00374
4431,-0.00330
4432,0.00162
4433,-0.00206
4434,-0.00359
4435,-0.00157
4436,-0.00269
4437,-0.00224
4438,-0.00346
4439,-0.00355
4440,-0.00283
4441,0.00446
4442,-0.00308
4443,-0.00409
4444,-0.00401
4445,-0.00415
4446,-0.00389
4447,-0.00339
4448,-0.00373
4449,0.00394
4450,-0.00324
4451,-0.00026
4452,-0.00042
4453,-0.00345
4454,-0.00397
4455,-0.00360
4456,-0.00339
4457,-0.00379
4458,-0.00295
4459,-0.00372
4460,-0.00454
4461,-0.00355
4462,-0.00805
4463,-0.00406
4464,0.00015
4465,-0.00292
4466,0.02348
4467,0.02770
4468,-0.00430
4469,0.00072
4470,-0.00309
4471,-0.00422
4472,-0.00432
4473,-0.00351
4474,-0.00295
4475,-0.00218
4476,-0.00415
4477,-0.00469
4478,-0.00466
4479,-0.00468
4480,0.00158
4481,0.04131
4482,-0.00306
4483,0.00790
4484,-0.00358
4485,-0.00480
4486,-0.00489
4487,-0.00308
4488,-0.00339
4489,-0.00504
4490,-0.00618
4491,-0.00511
4492,-0.00497
4493,-0.00506
4494,-0.00510
4495,-0.00502
4496,-0.00234
4497,-0.00504
4498,-0.00638
4499,-0.00501
4500,-0.00567
4501,-0.00469
4502,-0.00606
4503,-0.00521
4504,0.00871
4505,-0.00597
4506,-0.00443
4507,-0.00283
4508,0.00018
4509,-0.00371
4510,-0.00431
4511,-0.00526
4512,-0.00504
4513,-0.00439
4514,0.00383
4515,-0.00357
4516,-0.00535
4517,-0.00612
4518,-0.00486
4519,-0.00008
4520,-0.00563
4521,-0.00499
4522,-0.00391
4523,-0.00813
4524,0.00437
4525,-0.00279
4526,-0.00474
4527,-0.00568
4528,-0.00503
4529,0.00970
4530,-0.00595
4531,-0.00559
4532,-0.00499
4533,-0.00699
4534,-0.00063
4535,0.00236
4536,0.00146
4537,-0.00591
4538,-0.00383
4539,-0.00382
4540,-0.00012
4541,-0.00279
4542,-0.00541
4543,0.00666
4544,-0.00412
4545,-0.01113
4546,0.00368
4547,-0.00229
4548,-0.00103
4549,-0.00431
4550,-0.00275
4551,-0.00449
4552,-0.00086
4553,0.03016
4554,0.05713
4555,0.00559
4556,-0.00212
4557,-0.00508
4558,-0.00011
4559,-0.00563
4560,-0.00412
4561,0.00063
4562,-0.00397
4563,-0.00681
4564,-0.00665
4565,-0.00749
4566,0.00154
4567,0.00681
4568,-0.00072
4569,-0.00705
4570,-0.00499
4571,0.00506
4572,0.00148
4573,0.00367
4574,-0.00629
4575,-0.01016
4576,-0.00491
4577,-0.00573
4578,0.00420
4579,-0.00262
4580,0.00162
4581,0.04251
4582,0.00351
4583,-0.00295
4584,-0.00356
4585,-0.00400
4586,-0.00484
4587,-0.00573
4588,-0.00294
4589,-0.00553
4590,-0.00253
4591,-0.00199
4592,-0.00484
4593,0.00189
4594,-0.00569
4595,-0.00378
4596,-0.00668
4597,-0.00212
4598,-0.00721
4599,0.00270
4600,-0.00432
4601,-0.00274
4602,-0.00136
4603,-0.00902
4604,-0.00595
4605,0.00317
4606,0.00275
4607,0.00290
4608,0.00328
4609,0.00987
4610,-0.00975
4611,0.00430
4612,-0.00507
4613,0.00116
4614,0.01540
4615,0.06589
4616,0.01063
4617,0.00153
4618,-0.00123
4619,-0.00243
4620,-0.01039
4621,-0.00271
4622,-0.01720
4623,-0.00535
4624,-0.00733
4625,-0.00645
4626,-0.00530
4627,0.01029
4628,0.00889
4629,-0.00453
4630,-0.00189
4631,-0.00443
4632,0.00925
4633,-0.00491
4634,-0.00258
4635,-0.00148
4636,0.00132
4637,0.00439
4638,-0.00422
4639,-0.00143
4640,-0.00497
4641,-0.00557
4642,-0.00035
4643,-0.00105
4644,-0.00446
4645,-0.00930
4646,0.00307
4647,-0.00207
4648,-0.00427
4649,-0.00340
4650,-0.00343
4651,-0.00577
4652,-0.00261
4653,-0.00350
4654,-0.00355
4655,-0.00155
4656,0.02984
4657,0.00396
4658,0.01703
4659,-0.00268
4660,-0.00493
4661,0.03109
4662,0.05132
4663,-0.00409
4664,-0.00402
4665,-0.00529
4666,-0.00367
4667,0.01153
4668,-0.00362
4669,-0.00119
4670,0.00209
4671,0.00098
4672,0.00402
4673,-0.00103
4674,-0.00314
4675,-0.00418
4676,-0.00678
4677,-0.00458
4678,-0.00340
4679,-0.00068
4680,-0.00223
4681,0.00464
4682,-0.00325
4683,0.00580
4684,0.00093
4685,-0.00358
4686,-0.00321
4687,-0.00289
4688,-0.00379
4689,-0.00071
4690,0.00509
4691,-0.00282
4692,-0.00543
4693,0.00250
4694,-0.00129
4695,0.00030
4696,-0.00321
4697,-0.00331
4698,-0.00263
4699,-0.00310
4700,-0.00197
4701,-0.00194
4702,-0.00228
4703,-0.00233
4704,-0.00120
4705,-0.00374
4706,-0.00258
4707,-0.00299
4708,-0.00280
4709,-0.00234
4710,-0.00320
4711,-0.00298
4712,-0.00398
4713,-0.00258
4714,-0.00416
4715,-0.00289
4716,-0.00287
4717,-0.00249
4718,-0.00198
4719,0.01282
4720,-0.00276
4721,-0.00232
4722,0.00030
4723,-0.00247
4724,-0.00315
4725,-0.00283
4726,-0.00290
4727,-0.00306
4728,0.00099
4729,-0.00344
4730,0.00190
4731,-0.00419
4732,-0.00359
4733,-0.00290
4734,-0.00264
4735,-0.00188
4736,-0.00303
4737,-0.00294
4738,-0.00263
4739,-0.00259
4740,-0.00252
4741,-0.00288
4742,-0.00269
4743,-0.00171
4744,-0.00257
4745,-0.00138
4746,-0.00307
4747,-0.00320
4748,-0.00276
4749,-0.00291
4750,-0.00260
4751,-0.00377
4752,-0.00286
4753,-0.00290
4754,-0.00211
4755,-0.00294
4756,-0.00350
4757,-0.00095
4758,-0.00339
4759,-0.00293
4760,-0.00296
4761,0.00036
4762,-0.00300
4763,-0.00126
4764,-0.00310
4765,-0.00224
4766,-0.00307
4767,-0.00262
4768,-0.00346
4769,-0.00269
4770,-0.00324
4771,-0.00285
4772,-0.00317
4773,-0.00143
4774,-0.00312
4775,-0.00284
4776,-0.00298
4777,-0.00316
4778,-0.00351
4779,-0.00320
4780,-0.00308
4781,-0.00153
4782,-0.00192
4783,0.01039
4784,-0.00349
4785,-0.00355
4786,-0.00358
4787,-0.00329
4788,-0.00357
4789,-0.00379
4790,-0.00383
4791,-0.00361
4792,-0.00381
4793,-0.00376
4794,-0.00411
4795,-0.00365
4796,-0.00348
4797,-0.00332
4798,-0.00356
4799,-0.00321
4800,-0.00593
4801,-0.00182
4802,-0.00392
4803,-0.00242
4804,-0.00352
4805,-0.00432
4806,-0.00396
4807,-0.00417
4808,-0.00408
4809,-0.00392
4810,-0.00334
4811,-0.00391
4812,-0.00342
4813,-0.00430
4814,-0.00417
4815,-0.00339
4816,-0.00394
4817,-0.00467
4818,-0.00345
4819,-0.00397
4820,-0.00428
4821,-0.00423
4822,-0.00424
4823,-0.00363
4824,-0.00369
4825,-0.00452
4826,0.02173
4827,0.00940
4828,-0.00242
4829,-0.00004
4830,0.00691
4831,-0.01027
4832,-0.00433
4833,-0.00441
4834,0.00075
4835,-0.00309
4836,-0.00420
4837,-0.00440
4838,-0.00212
4839,-0.00469
4840,-0.00247
4841,-0.00426
4842,-0.00489
4843,-0.00465
4844,-0.00426
4845,-0.00486
4846,-0.00479
4847,-0.00397
4848,-0.00558
4849,-0.00365
4850,-0.00479
4851,-0.00229
4852,-0.00346
4853,-0.00348
4854,-0.00440
4855,-0.00523
4856,-0.00512
4857,-0.00496
4858,-0.00502
4859,-0.00453
4860,-0.00403
4861,0.00852
4862,-0.00502
4863,-0.00646
4864,-0.00512
4865,-0.00570
4866,-0.00476
4867,-0.00615
4868,-0.00540
4869,-0.00541
4870,-0.00597
4871,-0.00381
4872,-0.00282
4873,0.00019
4874,-0.00378
4875,-0.00486
4876,-0.00526
4877,-0.00502
4878,-0.00468
4879,-0.00508
4880,-0.00538
4881,-0.00531
4882,-0.00606
4883,-0.00472
4884,0.00012
4885,-0.00314
4886,-0.00325
4887,-0.00107
4888,0.05543
4889,0.01865
4890,-0.00187
4891,-0.00468
4892,0.00833
4893,-0.00102
4894,-0.00188
4895,-0.00454
4896,-0.00365
4897,0.00011
4898,-0.00307
4899,0.00628
4900,0.00767
4901,0.01463
4902,-0.00258
4903,-0.00300
4904,-0.00508
4905,0.00671
4906,0.01516
4907,0.01319
4908,0.00762
4909,-0.00430
4910,-0.01040
4911,0.00341
4912,-0.00305
4913,-0.00324
4914,-0.00484
4915,-0.00286
4916,-0.00370
4917,0.00186
4918,-0.00503
4919,-0.00440
4920,-0.00344
4921,-0.00018
4922,-0.00169
4923,-0.00236
4924,0.03068
4925,-0.00537
4926,-0.00152
4927,0.00335
4928,-0.00679
4929,0.01015
4930,-0.00633
4931,0.01651
4932,0.00622
4933,-0.00272
4934,0.01051
4935,-0.00603
4936,-0.00487
4937,-0.00560
4938,-0.00352
4939,-0.00603
4940,-0.00806
4941,0.00497
4942,-0.00040
4943,-0.00678
4944,-0.00395
4945,-0.00427
4946,0.00824
4947,-0.00324
4948,-0.00280
4949,-0.00386
4950,-0.00370
4951,0.00123
4952,-0.00492
4953,-0.00303
4954,-0.00387
4955,0.00056
4956,0.00637
4957,-0.00247
4958,-0.00400
4959,-0.00546
4960,0.00244
4961,-0.00656
4962,-0.00538
4963,-0.00686
4964,-0.00714
4965,-0.00715
4966,-0.00806
4967,-0.00112
4968,-0.00803
4969,-0.00520
4970,-0.00552
4971,0.00073
4972,-0.00569
4973,0.00129
4974,-0.00489
4975,-0.00925
4976,-0.00507
4977,0.04378
4978,0.00119
4979,-0.00190
4980,0.00290
4981,-0.00380
4982,-0.00546
4983,-0.00562
4984,-0.00525
4985,-0.00500
4986,0.00243
4987,-0.01537
4988,-0.00476
4989,-0.00681
4990,-0.00133
4991,0.00003
4992,-0.00406
4993,-0.00624
4994,-0.00137
4995,-0.00129
4996,0.00410
4997,0.00801
4998,0.00524
4999,-0.00251
5000,0.00081
5001,0.00359
5002,0.00614
5003,-0.00044
5004,0.00152
5005,-0.00260
5006,0.01258
5007,0.00192
5008,-0.00640
5009,-0.00451
5010,-0.00886
5011,0.00173
5012,0.00726
5013,-0.00287
5014,-0.00321
5015,-0.00273
5016,-0.00343
5017,-0.00758
5018,-0.00418
5019,-0.00649
5020,0.00230
5021,0.01807
5022,-0.00029
5023,0.01059
5024,-0.00161
5025,-0.00493
5026,0.00628
5027,-0.00454
5028,-0.00380
5029,-0.00430
5030,-0.00541
5031,-0.00515
5032,-0.00329
5033,-0.00378
5034,-0.00319
5035,-0.00149
5036,-0.00509
5037,0.00282
5038,-0.00304
5039,0.00615
5040,-0.00045
5041,-0.00799
5042,-0.00462
5043,-0.00019
5044,0.00325
5045,-0.00270
5046,-0.00291
5047,-0.00007
5048,-0.00389
5049,0.00003
5050,-0.00341
5051,-0.00314
5052,-0.00289
5053,-0.00377
5054,-0.00340
5055,-0.00294
5056,-0.00282
5057,-0.00324
5058,0.00496
5059,0.00288
5060,0.00029
5061,-0.00321
5062,-0.00330
5063,-0.00264
5064,-0.00310
5065,-0.00010
5066,-0.00318
5067,-0.00260
5068,-0.00233
5069,-0.00173
5070,-0.00365
5071,-0.00258
5072,-0.00300
5073,-0.00280
5074,-0.00230
5075,-0.00322
5076,-0.00293
5077,-0.00374
5078,0.01290
5079,0.04513
5080,-0.00266
5081,-0.00287
5082,-0.00252
5083,-0.00205
5084,-0.00261
5085,-0.00292
5086,-0.00264
5087,0.00490
5088,-0.00104
5089,-0.00243
5090,-0.00286
5091,-0.00239
5092,-0.00257
5093,0.00100
5094,-0.00259
5095,0.00853
5096,-0.00414
5097,-0.00296
5098,-0.00191
5099,-0.00252
5100,0.00176
5101,0.01975
5102,0.05572
5103,-0.00262
5104,-0.00258
5105,-0.00257
5106,-0.00288
5107,-0.00273
5108,-0.00270
5109,-0.00309
5110,-0.00141
5111,-0.00300
5112,-0.00320
5113,-0.00274
5114,-0.00291
5115,-0.00262
5116,-0.00269
5117,-0.00287
5118,-0.00280
5119,-0.00256
5120,-0.00288
5121,-0.00350
5122,-0.00297
5123,-0.00347
5124,0.00252
5125,-0.00296
5126,0.00036
5127,-0.00289
5128,-0.00188
5129,-0.00310
5130,-0.00236
5131,-0.00318
5132,0.00572
5133,-0.00351
5134,-0.00195
5135,-0.00323
5136,-0.00249
5137,-0.00295
5138,-0.00093
5139,-0.00203
5140,0.00433
5141,-0.00296
5142,-0.00316
5143,-0.00351
5144,-0.00319
5145,-0.00419
5146,0.00115
5147,0.03706
5148,0.00181
5149,-0.00348
5150,-0.00353
5151,0.00095
5152,-0.00329
5153,-0.00357
5154,-0.00379
5155,-0.00179
5156,-0.00361
5157,-0.00377
5158,0.01092
5159,-0.00408
5160,-0.00371
5161,-0.00310
5162,-0.00323
5163,-0.00358
5164,-0.00319
5165,-0.00566
5166,-0.00182
5167,0.00256
5168,0.00035
5169,-0.00290
5170,0.00499
5171,-0.00388
5172,-0.00416
5173,-0.00111
5174,-0.00401
5175,-0.00413
5176,0.00067
5177,-0.00341
5178,-0.00430
5179,-0.00417
5180,-0.00339
5181,-0.00391
5182,-0.00467
5183,-0.00343
5184,-0.00397
5185,-0.00424
5186,0.01217
5187,-0.00427
5188,-0.00365
5189,-0.00369
5190,-0.00451
5191,0.00176
5192,-0.00795
5193,-0.00404
5194,-0.00247
5195,0.00432
5196,-0.00945
5197,-0.00470
5198,-0.00444
5199,0.00649
5200,0.00053
5201,-0.00423
5202,0.00166
5203,0.01478
5204,-0.00469
5205,-0.00251
5206,-0.00426
5207,-0.00489
5208,-0.00468
5209,-0.00470
5210,-0.00486
5211,-0.00479
5212,-0.00397
5213,-0.00558
5214,-0.00366
5215,-0.00464
5216,0.01908
5217,0.01156
5218,-0.00351
5219,-0.00504
5220,-0.00618
5221,-0.00396
5222,-0.00046
5223,0.01750
5224,-0.00501
5225,-0.00331
5226,-0.00465
5227,-0.00497
5228,-0.00646
5229,-0.00463
5230,-0.00557
5231,0.05047
5232,-0.00615
5233,-0.00573
5234,-0.00455
5235,-0.00593
5236,-0.00441
5237,-0.00285
5238,0.00018
5239,-0.00378
5240,-0.00488
5241,-0.00525
5242,-0.00491
5243,-0.00419
5244,-0.00508
5245,-0.00538
5246,-0.00491
5247,-0.00612
5248,-0.00487
5249,-0.00007
5250,-0.00485
5251,-0.00447
5252,0.00395
5253,-0.00724
5254,-0.00146
5255,-0.00484
5256,-0.00532
5257,-0.00584
5258,-0.00697
5259,-0.00521
5260,-0.00303
5261,0.00577
5262,-0.00215
5263,-0.00516
5264,-0.00568
5265,-0.00067
5266,0.00425
5267,-0.00159
5268,-0.00243
5269,0.00655
5270,0.00222
5271,-0.00069
5272,0.00188
5273,0.03077
5274,0.03375
5275,-0.01170
5276,0.00361
5277,-0.00276
5278,-0.00321
5279,-0.00484
5280,-0.00426
5281,-0.00456
5282,-0.00221
5283,-0.00304
5284,-0.00382
5285,-0.00629
5286,-0.00433
5287,-0.00550
5288,-0.00219
5289,-0.00545
5290,-0.00496
5291,-0.00295
5292,-0.00207
5293,-0.00679
5294,-0.00885
5295,-0.00678
5296,-0.00129
5297,0.00508
5298,-0.00125
5299,0.00028
5300,-0.00371
5301,-0.00114
5302,-0.00612
5303,-0.00414
5304,-0.00367
5305,-0.00712
5306,-0.00097
5307,-0.00378
5308,-0.00538
5309,-0.00402
5310,-0.00199
5311,0.01691
5312,-0.00076
5313,-0.00175
5314,-0.00242
5315,-0.00261
5316,-0.00235
5317,-0.00576
5318,0.00370
5319,0.02325
5320,-0.00431
5321,-0.00004
5322,-0.00510
5323,-0.00528
5324,-0.00597
5325,-0.00380
5326,-0.00676
5327,-0.00595
5328,-0.00715
5329,-0.00574
5330,-0.00567
5331,-0.00773
5332,-0.00196
5333,-0.00909
5334,-0.00431
5335,0.03721
5336,0.01843
5337,0.01524
5338,-0.00165
5339,-0.00528
5340,-0.00976
5341,-0.00766
5342,0.00208
5343,0.00348
5344,-0.00441
5345,-0.00490
5346,-0.00319
5347,-0.00475
5348,-0.00334
5349,0.00081
5350,-0.00793
5351,-0.00362
5352,-0.00789
5353,-0.00467
5354,-0.00748
5355,-0.00376
5356,-0.00520
5357,0.01610
5358,-0.00472
5359,-0.00444
5360,-0.00173
5361,-0.00042
5362,-0.00209
5363,0.00254
5364,0.02566
5365,0.02137
5366,0.00465
5367,-0.00756
5368,-0.00398
5369,-0.00043
5370,-0.00353
5371,-0.00576
5372,0.00823
5373,0.00107
5374,0.01035
5375,-0.00897
5376,0.00032
5377,-0.00212
5378,-0.00468
5379,-0.00278
5380,-0.00332
5381,0.00252
5382,-0.00613
5383,0.00131
5384,-0.00518
5385,-0.00358
5386,0.06711
5387,0.12724
5388,-0.00121
5389,-0.00327
5390,-0.00489
5391,0.00669
5392,-0.00460
5393,-0.00447
5394,-0.00457
5395,-0.00542
5396,-0.00515
5397,-0.00338
5398,-0.00389
5399,-0.00318
5400,0.00804
5401,0.00230
5402,0.00737
5403,-0.00334
5404,-0.00314
5405,-0.00418
5406,-0.00799
5407,-0.00462
5408,-0.00369
5409,-0.00077
5410,-0.00270
5411,-0.00410
5412,-0.00444
5413,-0.00354
5414,-0.00062
5415,-0.00069
5416,-0.00294
5417,0.02806
5418,-0.00323
5419,-0.00111
5420,-0.00124
5421,0.01192
5422,0.02137
5423,0.00756
5424,-0.00129
5425,0.00028
5426,-0.00321
5427,-0.00332
5428,-0.00264
5429,-0.00310
5430,-0.00283
5431,-0.00318
5432,-0.00260
5433,-0.00233
5434,-0.00173
5435,-0.00374
5436,-0.00258
5437,-0.00234
5438,-0.00280
5439,-0.00234
5440,-0.00321
5441,-0.00248
5442,-0.00366
5443,-0.00282
5444,-0.00416
5445,-0.00279
5446,-0.00284
5447,-0.00240
5448,-0.00167
5449,-0.00261
5450,0.00072
5451,-0.00273
5452,0.00030
5453,-0.00254
5454,-0.00317
5455,-0.00292
5456,-0.00290
5457,-0.00306
5458,0.00209
5459,-0.00344
5460,-0.00297
5461,-0.00399
5462,-0.00359
5463,-0.00293
5464,-0.00280
5465,-0.00221
5466,-0.00298
5467,0.00568
5468,-0.00263
5469,-0.00259
5470,-0.00259
5471,-0.00288
5472,-0.00278
5473,-0.00269
5474,0.00256
5475,-0.00143
5476,-0.00307
5477,-0.00320
5478,-0.00276
5479,-0.00290
5480,-0.00263
5481,-0.00378
5482,-0.00287
5483,-0.00292
5484,-0.00275
5485,-0.00296
5486,-0.00264
5487,-0.00302
5488,-0.00350
5489,-0.00291
5490,-0.00223
5491,0.00068
5492,-0.00300
5493,-0.00234
5494,-0.00276
5495,-0.00257
5496,-0.00317
5497,0.03653
5498,-0.00311
5499,-0.00185
5500,-0.00320
5501,-0.00074
5502,-0.00312
5503,-0.00162
5504,-0.00312
5505,0.00591
5506,-0.00159
5507,-0.00316
5508,-0.00351
5509,-0.00320
5510,-0.00419
5511,-0.00153
5512,-0.00193
5513,0.00153
5514,-0.00349
5515,-0.00355
5516,-0.00358
5517,-0.00329
5518,-0.00356
5519,-0.00379
5520,-0.00383
5521,-0.00325
5522,-0.00314
5523,-0.00284
5524,-0.00409
5525,-0.00371
5526,-0.00410
5527,-0.00308
5528,-0.00345
5529,-0.00321
5530,-0.00593
5531,-0.00181
5532,-0.00392
5533,-0.00242
5534,-0.00352
5535,-0.00432
5536,-0.00396
5537,-0.00417
5538,-0.00408
5539,-0.00398
5540,0.00368
5541,-0.00387
5542,-0.00340
5543,-0.00430
5544,-0.00391
5545,-0.00331
5546,-0.00393
5547,-0.00466
5548,-0.00345
5549,0.00019
5550,-0.00425
5551,-0.00421
5552,-0.00427
5553,-0.00365
5554,-0.00371
5555,-0.00454
5556,-0.00356
5557,-0.00805
5558,-0.00406
5559,0.00067
5560,-0.00292
5561,-0.01108
5562,-0.00471
5563,-0.00445
5564,0.00072
5565,-0.00309
5566,-0.00423
5567,0.01757
5568,-0.00260
5569,-0.00454
5570,-0.00181
5571,-0.00004
5572,-0.00488
5573,-0.00466
5574,-0.00469
5575,-0.00127
5576,-0.00478
5577,-0.00397
5578,-0.00557
5579,-0.00366
5580,-0.00481
5581,-0.00490
5582,-0.00347
5583,-0.00138
5584,-0.00504
5585,-0.00614
5586,-0.00439
5587,0.01195
5588,-0.00502
5589,-0.00509
5590,-0.00504
5591,-0.00484
5592,-0.00504
5593,-0.00601
5594,-0.00511
5595,-0.00551
5596,-0.00469
5597,-0.00614
5598,-0.00568
5599,0.00322
5600,-0.00480
5601,-0.00398
5602,-0.00285
5603,0.00018
5604,-0.00377
5605,0.00459
5606,0.00694
5607,-0.00497
5608,-0.00464
5609,-0.00506
5610,-0.00538
5611,-0.00523
5612,-0.00593
5613,-0.00484
5614,0.00021
5615,0.00096
5616,-0.00489
5617,-0.00381
5618,-0.00714
5619,-0.00464
5620,-0.00483
5621,-0.00532
5622,-0.00585
5623,-0.00707
5624,-0.00630
5625,-0.00618
5626,-0.00526
5627,-0.00470
5628,-0.00710
5629,-0.00579
5630,0.00108
5631,0.00151
5632,-0.00638
5633,-0.00490
5634,-0.00510
5635,-0.00047
5636,-0.00331
5637,-0.00548
5638,0.00641
5639,-0.00433
5640,-0.01126
5641,0.00342
5642,-0.00297
5643,-0.00300
5644,-0.00387
5645,0.00485
5646,-0.00422
5647,-0.00220
5648,-0.00520
5649,-0.00066
5650,-0.00529
5651,-0.00021
5652,-0.00591
5653,-0.00282
5654,-0.00506
5655,0.00228
5656,-0.00156
5657,-0.00265
5658,-0.00593
5659,-0.00454
5660,-0.00245
5661,0.00101
5662,0.00878
5663,-0.00407
5664,-0.00496
5665,-0.00603
5666,-0.00348
5667,0.02483
5668,0.04057
5669,-0.00477
5670,-0.00777
5671,-0.00321
5672,-0.00386
5673,-0.00672
5674,-0.00245
5675,-0.00424
5676,0.00835
5677,-0.00301
5678,0.01421
5679,0.00730
5680,0.00066
5681,-0.00372
5682,-0.00563
5683,0.00216
5684,-0.00435
5685,-0.00406
5686,-0.00554
5687,-0.00373
5688,-0.00150
5689,-0.00550
5690,-0.00274
5691,-0.00663
5692,-0.00570
5693,-0.00731
5694,-0.00598
5695,-0.00518
5696,-0.00784
5697,-0.00208
5698,0.00180
5699,0.00385
5700,0.00686
5701,0.00218
5702,0.00842
5703,0.00106
5704,-0.00221
5705,-0.00923
5706,-0.00539
5707,0.00075
5708,0.00068
5709,-0.00437
5710,-0.00259
5711,0.01354
5712,-0.00287
5713,-0.00556
5714,-0.00297
5715,-0.00576
5716,-0.00288
5717,-0.01225
5718,-0.00397
5719,-0.00377
5720,-0.00373
5721,0.00913
5722,0.01560
5723,-0.00371
5724,-0.00295
5725,0.00756
5726,0.00371
5727,-0.00174
5728,-0.00496
5729,-0.00078
5730,-0.00297
5731,0.00061
5732,-0.00449
5733,-0.00388
5734,-0.00136
5735,0.00262
5736,0.00810
5737,-0.00029
5738,-0.00698
5739,-0.00453
5740,-0.00947
5741,0.00345
5742,-0.00116
5743,-0.00394
5744,-0.00098
5745,0.00120
5746,-0.00435
5747,-0.00258
5748,0.01505
5749,0.00311
5750,-0.00456
5751,-0.00091
5752,-0.00268
5753,-0.00023
5754,-0.00327
5755,-0.00493
5756,0.00629
5757,-0.00455
5758,-0.00447
5759,-0.00249
5760,0.01129
5761,0.11668
5762,-0.00018
5763,-0.00384
5764,0.00065
5765,-0.00144
5766,0.00439
5767,0.00177
5768,0.01201
5769,0.05120
5770,0.00348
5771,0.00466
5772,0.01199
5773,-0.00369
5774,-0.00077
5775,-0.00292
5776,-0.00420
5777,-0.00451
5778,-0.00365
5779,-0.00065
5780,-0.00357
5781,0.00945
5782,0.00694
5783,0.06900
5784,0.00709
5785,-0.00257
5786,-0.00282
5787,-0.00549
5788,0.00250
5789,0.00000
5790,0.00069
5791,-0.00321
5792,-0.00331
5793,-0.00266
5794,-0.00310
5795,-0.00283
5796,-0.00318
5797,-0.00259
5798,-0.00230
5799,-0.00172
5800,-0.00374
5801,-0.00255
5802,0.01033
5803,-0.00259
5804,-0.00183
5805,-0.00282
5806,-0.00297
5807,-0.00397
5808,-0.00277
5809,-0.00416
5810,-0.00287
5811,-0.00254
5812,-0.00050
5813,-0.00200
5814,-0.00261
5815,-0.00293
5816,-0.00274
5817,0.00065
5818,-0.00177
5819,-0.00316
5820,-0.00290
5821,-0.00285
5822,-0.00290
5823,0.00429
5824,-0.00303
5825,-0.00260
5826,0.00090
5827,-0.00297
5828,-0.00284
5829,-0.00277
5830,-0.00216
5831,-0.00300
5832,-0.00237
5833,-0.00263
5834,-0.00262
5835,-0.00258
5836,-0.00282
5837,-0.00268
5838,-0.00271
5839,-0.00315
5840,-0.00132
5841,-0.00215
5842,-0.00320
5843,-0.00276
5844,-0.00291
