10
19   Snapper S22
4913
4914
4915
4916
4957
4958
4959
4960
5001
5002
5003
5004
5045
5046
5047
5089
5090
5091
5134
18   Cutler S123
4451
4452
4508
4510
4511
4512
4568
4570
4571
4572
4630
4632
4633
4695
4696
4633
4632
4630
208 Black Cr S21 Adding 48 elements from north side of the jetty because there are leakages
11737
11736
11735
11734
11733
11732
11731
11730
11729
11728
11727
11726
11725
11724
11723
11722
11721
11720
11719
11718
11717
11716
11715
11714
11713
11712
11711
11710
11709
11708
11707
11706
11449
11448
11447
11446
11445
11444
11443
11442
11441
11440
11439
11438
11437
11436
11435
11434
11433
11432
11431
11430
11429
11428
11427
11426
11425
11424
11423
11422
11421
11420
11419
11418
11129
11128
11127
11126
11125
11124
11123
11122
11121
11120
11119
11118
11117
11116
11115
11114
11113
11112
11111
11110
11109
11108
11107
11106
11105
11104
11103
11102
11101
11100
11099
11098
10922
10923
10924
10925
10926
10927
10928
10929
10930
10931
10932
10933
10934
10935
10936
10937
10794
10795
10796
10797
10798
10799
10800
10801
10802
10803
10804
10805
10806
10807
10808
10809
10810
10811
10812
10813
10814
10815
10816
10817
10818
10819
10820
10821
10822
10823
10824
10825
10506
10507
10508
10509
10510
10511
10512
10513
10514
10515
10516
10517
10518
10519
10520
10521
10522
10523
10524
10525
10526
10527
10528
10529
10530
10531
10532
10533
10534
10535
10536
10537
10634
10635
10636
10637
10638
10639
10640
10641
10642
10643
10644
10645
10646
10647
10648
10649
10954
10955
10956
10957
10958
10959
10960
10961
10962
10963
10964
10965
10966
10967
10968
10969
144  Gould S21A
11001
11000
10999
10998
10997
10996
10995
10994
10993
10992
10991
10990
10989
10988
10987
10986
10681
10680
10679
10678
10677
10676
10675
10674
10673
10672
10671
10670
10669
10668
10667
10666
10665
10664
10663
10662
10661
10660
10659
10658
10657
10656
10655
10654
10653
10652
10651
10650
10682
10683
10684
10685
10686
10687
10688
10689
10690
10691
10692
10693
10694
10695
10696
10697
10698
10699
10700
10701
10702
10703
10704
10705
10706
10707
10708
10709
10710
10711
10712
10713
10650
10651
10652
10653
10654
10655
10656
10657
10658
10659
10660
10661
10662
10663
10664
10665
10346
10347
10348
10349
10350
10351
10352
10353
10354
10355
10356
10357
10358
10359
10360
10361
11626
11627
11628
11629
11630
11631
11632
11633
11634
11635
11636
11637
11638
11639
11640
11641
11658
11659
11660
11661
11662
11663
11664
11665
11666
11667
11668
11669
11670
11671
11672
11673
64  Military S20G
9124
9125
9122
9128
9116
9117
9114
9123
9127
9129
9126
9115
9120
9121
9118
9119
9140
9141
9139
9143
9136
9137
9135
9138
9144
9145
9142
9134
9132
9133
9131
9130
8858
8859
8860
8861
8862
8863
8864
8865
8866
8867
8868
8869
8870
8871
8872
8873
8874
8875
8876
8877
8878
8879
8880
8881
8882
8883
8884
8885
8886
8887
8888
8889
80  Mowry S20F
8153
8152
8151
8150
8146
8145
8144
8143
8142
8141
8140
8139
8138
7913
7912
7911
7910
7909
7908
7907
7906
7905
7904
7903
7902
7901
7900
7899
7898
7897
7896
7895
7894
7893
7892
7891
7890
7889
7888
7887
7886
7885
7884
7883
7882
7866
7867
7868
7869
7870
7871
7872
7873
7874
7875
7876
7877
7878
7879
7880
7881
8106
8107
8108
8109
8110
8111
8112
8113
8114
8115
8116
8117
8118
8119
8120
8121
8154
8155
8156
9  Manatee S197
985
984
983
982
981
980
918
917
916
23  Coral Gables G93
5308
5309
5310
5311
5341
5342
5343
5344
5375
5374
5376
5377
5408
5409
5410
5411
5444
5445
5446
5447
5483
5484
5485
10  Barnes/Card S20
1872
1873
1874
1912
1913
1914
1915
1955
1956
1957
80 FPL RCW Zone
6298
6301
6299
6310
6302
6305
6303
6282
6186
6189
6187
6198
6190
6193
6191
6170
6122
6166
6100
6101
6098
6104
6092
6093
6300
6312
6313
6311
6304
6284
6285
6283
6188
6200
6201
6199
6192
6172
6173
6171
6124
6125
6123
6115
6117
6114
6099
6103
6105
6102
6091
6306
6309
6307
6290
6296
6297
6294
6286
6194
6197
6195
6178
6184
6185
6182
6174
6130
6136
6137
6134
6126
6112
6119
6121
6120
6108
6096
6097
6094
