-1.00000,32.21
0.00000,32.82
1.00000,33.03
2.00000,33.20
3.00000,33.40
4.00000,33.39
5.00000,33.45
10.00000,32.97
18.00000,34.55
19.00000,34.47
20.00000,34.41
21.00000,34.40
22.00000,34.50
23.00000,34.42
24.00000,34.54
25.00000,34.59
26.00000,34.64
27.00000,34.61
28.00000,34.51
29.00000,34.64
30.00000,34.61
31.00000,34.55
32.00000,34.81
33.00000,34.93
34.00000,35.00
35.00000,34.76
36.00000,35.02
37.00000,35.37
38.00000,35.28
39.00000,35.12
40.00000,34.79
41.00000,34.32
42.00000,34.06
43.00000,34.00
44.00000,33.91
45.00000,34.31
46.00000,34.49
47.00000,34.40
48.00000,34.45
49.00000,34.67
50.00000,34.80
51.00000,34.65
52.00000,34.54
53.00000,34.60
54.00000,34.59
55.00000,34.59
56.00000,34.58
57.00000,34.77
58.00000,34.98
59.00000,34.97
60.00000,35.15
61.00000,35.19
62.00000,35.22
63.00000,35.12
64.00000,35.11
65.00000,35.36
66.00000,35.93
67.00000,36.37
68.00000,36.34
69.00000,36.71
70.00000,36.47
71.00000,36.04
72.00000,36.13
73.00000,36.20
74.00000,36.17
75.00000,36.16
76.00000,36.18
77.00000,36.21
78.00000,36.05
79.00000,35.75
80.00000,35.82
81.00000,35.88
82.00000,35.84
83.00000,35.90
84.00000,36.16
85.00000,36.40
86.00000,36.47
87.00000,36.33
88.00000,36.32
89.00000,36.37
90.00000,36.40
91.00000,36.34
92.00000,36.28
93.00000,36.54
94.00000,36.90
95.00000,36.82
96.00000,37.16
97.00000,37.17
98.00000,37.19
99.00000,37.03
100.00000,36.67
101.00000,36.72
102.00000,36.65
103.00000,37.12
104.00000,37.12
105.00000,37.07
106.00000,37.16
107.00000,37.26
108.00000,37.47
109.00000,37.59
110.00000,37.61
111.00000,37.69
112.00000,37.69
113.00000,37.71
114.00000,37.63
115.00000,37.71
116.00000,37.76
117.00000,37.71
118.00000,37.63
119.00000,37.64
120.00000,37.45
121.00000,37.19
122.00000,36.93
123.00000,37.06
124.00000,37.17
125.00000,37.24
126.00000,37.37
127.00000,37.56
128.00000,37.74
129.00000,38.02
130.00000,38.05
131.00000,38.09
132.00000,37.88
133.00000,37.86
134.00000,37.83
135.00000,37.73
136.00000,38.28
137.00000,38.49
138.00000,38.33
139.00000,38.10
140.00000,37.90
141.00000,37.58
142.00000,36.75
143.00000,36.01
144.00000,36.43
145.00000,36.73
146.00000,36.78
147.00000,36.97
148.00000,37.11
149.00000,37.19
150.00000,36.92
151.00000,36.69
152.00000,36.61
153.00000,36.62
154.00000,37.08
155.00000,37.36
156.00000,37.21
157.00000,36.89
158.00000,36.01
159.00000,36.46
160.00000,35.90
161.00000,36.20
162.00000,34.42
163.00000,33.93
164.00000,33.86
165.00000,33.04
166.00000,33.01
167.00000,32.69
168.00000,33.61
169.00000,33.47
170.00000,33.84
171.00000,33.61
172.00000,32.70
173.00000,33.49
174.00000,32.73
175.00000,32.93
176.00000,33.34
177.00000,33.95
178.00000,32.89
179.00000,33.47
180.00000,32.75
181.00000,33.85
182.00000,33.58
183.00000,31.21
184.00000,32.33
185.00000,31.19
186.00000,32.71
187.00000,33.23
188.00000,33.73
189.00000,33.49
190.00000,34.75
191.00000,34.44
192.00000,33.48
193.00000,34.40
194.00000,32.81
195.00000,34.14
196.00000,34.47
197.00000,33.37
198.00000,34.41
199.00000,33.61
200.00000,34.11
201.00000,33.79
202.00000,33.68
203.00000,33.74
204.00000,33.95
205.00000,34.13
206.00000,34.46
207.00000,35.68
208.00000,34.97
209.00000,36.03
210.00000,35.25
211.00000,35.26
212.00000,35.06
213.00000,35.49
214.00000,34.13
215.00000,35.13
216.00000,34.98
217.00000,34.94
218.00000,34.76
219.00000,35.04
220.00000,36.36
221.00000,37.13
222.00000,37.10
223.00000,37.11
224.00000,37.17
225.00000,37.21
226.00000,37.29
227.00000,37.38
228.00000,37.48
229.00000,37.50
230.00000,37.46
231.00000,37.49
232.00000,37.29
233.00000,36.78
234.00000,36.54
235.00000,36.53
236.00000,36.54
237.00000,36.39
238.00000,36.46
239.00000,36.51
240.00000,36.50
241.00000,36.46
242.00000,36.50
243.00000,36.58
244.00000,36.67
245.00000,36.70
246.00000,36.55
247.00000,36.62
248.00000,36.73
249.00000,36.80
250.00000,36.77
251.00000,36.80
252.00000,36.97
253.00000,36.53
254.00000,36.06
255.00000,36.00
256.00000,35.72
257.00000,35.29
258.00000,35.43
259.00000,35.58
260.00000,35.68
261.00000,35.70
262.00000,35.66
263.00000,35.25
264.00000,35.20
265.00000,35.40
266.00000,35.48
267.00000,35.42
268.00000,35.48
269.00000,35.53
270.00000,35.49
271.00000,35.42
272.00000,35.34
273.00000,35.44
274.00000,35.58
275.00000,35.54
276.00000,35.68
277.00000,35.60
278.00000,35.39
279.00000,35.36
280.00000,35.24
281.00000,35.30
282.00000,35.55
283.00000,35.44
284.00000,35.57
285.00000,35.70
286.00000,35.17
287.00000,34.28
288.00000,34.37
289.00000,34.40
290.00000,34.67
291.00000,35.08
292.00000,35.09
293.00000,34.74
294.00000,31.99
295.00000,32.62
296.00000,33.64
297.00000,34.02
298.00000,34.37
299.00000,34.71
300.00000,35.01
301.00000,35.21
302.00000,35.16
303.00000,35.01
304.00000,35.05
305.00000,35.14
306.00000,35.13
307.00000,34.77
308.00000,34.77
309.00000,34.97
310.00000,34.64
311.00000,34.64
312.00000,34.83
313.00000,34.93
314.00000,35.03
315.00000,34.92
316.00000,35.12
317.00000,35.14
318.00000,34.89
319.00000,34.55
320.00000,34.68
321.00000,35.36
322.00000,35.65
323.00000,35.74
324.00000,35.53
325.00000,34.88
326.00000,34.57
327.00000,34.36
328.00000,34.24
329.00000,34.27
330.00000,34.31
331.00000,34.32
332.00000,34.33
333.00000,35.19
334.00000,35.43
335.00000,35.83
336.00000,35.59
337.00000,34.85
338.00000,34.59
339.00000,34.39
340.00000,34.83
341.00000,34.37
342.00000,34.40
343.00000,34.55
344.00000,34.70
345.00000,35.29
346.00000,35.54
347.00000,35.68
348.00000,35.57
349.00000,35.42
350.00000,35.64
351.00000,35.76
352.00000,35.76
353.00000,35.89
354.00000,35.65
355.00000,36.04
356.00000,36.18
357.00000,36.18
358.00000,36.21
374.00000,36.06
375.00000,35.99
376.00000,36.00
377.00000,35.97
378.00000,36.15
379.00000,35.91
380.00000,35.35
381.00000,35.24
382.00000,35.31
383.00000,35.09
384.00000,35.20
385.00000,35.33
386.00000,35.54
387.00000,34.08
388.00000,33.64
389.00000,33.69
390.00000,33.92
391.00000,33.98
392.00000,34.50
393.00000,34.81
394.00000,34.98
395.00000,35.15
396.00000,34.82
397.00000,33.76
398.00000,33.66
402.00000,34.87
424.00000,35.95
425.00000,36.04
426.00000,36.23
427.00000,36.12
428.00000,36.14
429.00000,36.13
430.00000,36.45
431.00000,36.34
432.00000,36.46
433.00000,36.67
434.00000,36.85
435.00000,36.89
436.00000,36.68
437.00000,36.39
438.00000,36.42
439.00000,36.25
440.00000,36.03
441.00000,36.16
442.00000,36.30
443.00000,36.74
444.00000,36.75
445.00000,36.60
446.00000,36.45
447.00000,36.46
448.00000,36.53
449.00000,36.68
450.00000,36.80
451.00000,36.81
452.00000,36.97
465.00000,37.53
488.00000,37.37
489.00000,37.53
490.00000,37.41
491.00000,37.39
492.00000,37.70
493.00000,37.85
494.00000,37.89
495.00000,37.92
496.00000,37.77
497.00000,37.78
498.00000,37.52
499.00000,36.99
500.00000,37.22
501.00000,37.40
502.00000,37.54
503.00000,37.57
504.00000,37.60
505.00000,37.62
506.00000,37.55
507.00000,37.47
508.00000,37.47
509.00000,37.46
510.00000,37.62
511.00000,37.67
512.00000,37.53
513.00000,37.47
514.00000,38.02
515.00000,38.57
516.00000,38.76
517.00000,38.62
518.00000,38.39
519.00000,38.30
520.00000,38.39
521.00000,38.45
522.00000,38.56
523.00000,38.71
524.00000,38.81
525.00000,38.84
526.00000,37.60
527.00000,33.92
528.00000,33.86
529.00000,34.57
530.00000,34.81
531.00000,35.31
532.00000,35.37
533.00000,35.08
534.00000,34.85
535.00000,35.16
536.00000,35.33
537.00000,35.34
538.00000,35.17
539.00000,34.95
540.00000,34.93
541.00000,35.41
542.00000,35.05
543.00000,34.90
544.00000,35.14
545.00000,35.24
546.00000,35.50
547.00000,35.74
548.00000,35.73
549.00000,35.50
550.00000,35.10
551.00000,34.77
552.00000,34.30
553.00000,34.29
554.00000,34.42
555.00000,34.67
556.00000,34.96
557.00000,35.12
558.00000,35.05
559.00000,34.93
560.00000,35.24
561.00000,35.80
562.00000,36.03
563.00000,35.91
564.00000,36.17
565.00000,36.20
566.00000,36.04
567.00000,35.79
568.00000,35.64
569.00000,35.55
570.00000,36.04
571.00000,36.16
572.00000,36.29
573.00000,36.37
574.00000,36.41
575.00000,36.52
576.00000,36.71
577.00000,36.90
578.00000,36.91
579.00000,36.80
580.00000,36.64
581.00000,36.63
582.00000,36.81
583.00000,36.92
584.00000,36.94
585.00000,36.80
586.00000,36.64
587.00000,36.29
588.00000,35.87
589.00000,35.96
590.00000,36.48
591.00000,36.70
592.00000,36.87
593.00000,36.90
594.00000,36.86
595.00000,36.80
596.00000,36.84
597.00000,36.91
598.00000,36.87
599.00000,36.66
600.00000,36.53
601.00000,36.64
602.00000,36.26
603.00000,35.73
604.00000,35.21
605.00000,35.30
606.00000,35.48
607.00000,35.71
608.00000,35.82
609.00000,35.89
610.00000,35.93
611.00000,36.15
612.00000,36.32
613.00000,36.10
614.00000,35.69
615.00000,35.51
616.00000,35.54
617.00000,35.67
618.00000,35.73
619.00000,35.86
620.00000,35.94
621.00000,35.76
622.00000,35.70
623.00000,35.39
624.00000,35.04
625.00000,34.86
626.00000,33.65
627.00000,33.30
628.00000,33.26
629.00000,33.40
630.00000,33.38
631.00000,33.56
632.00000,33.86
633.00000,33.77
634.00000,34.56
635.00000,34.98
636.00000,34.92
637.00000,35.12
638.00000,34.78
639.00000,33.75
640.00000,33.11
641.00000,33.43
642.00000,33.56
643.00000,33.97
644.00000,33.94
645.00000,33.08
646.00000,32.90
647.00000,33.49
648.00000,33.79
649.00000,33.80
650.00000,33.75
651.00000,34.34
652.00000,34.52
653.00000,34.43
654.00000,34.35
655.00000,34.11
656.00000,33.27
657.00000,33.09
658.00000,32.32
659.00000,32.30
660.00000,32.92
661.00000,33.48
662.00000,33.56
663.00000,33.66
664.00000,34.18
665.00000,34.46
666.00000,34.71
667.00000,35.13
668.00000,35.50
669.00000,35.68
670.00000,35.74
671.00000,35.83
672.00000,35.76
673.00000,35.33
674.00000,35.20
675.00000,35.09
676.00000,34.64
677.00000,34.64
678.00000,34.65
679.00000,34.49
680.00000,34.43
681.00000,34.50
682.00000,34.48
683.00000,34.68
684.00000,34.82
685.00000,34.71
686.00000,34.71
687.00000,34.70
688.00000,34.87
689.00000,35.02
690.00000,35.17
691.00000,35.55
692.00000,35.75
693.00000,35.15
694.00000,34.58
695.00000,34.82
696.00000,35.13
697.00000,35.32
698.00000,35.30
699.00000,35.31
700.00000,35.39
701.00000,35.31
702.00000,35.37
703.00000,35.36
704.00000,34.23
705.00000,33.20
706.00000,33.16
707.00000,32.91
708.00000,31.89
709.00000,31.90
710.00000,32.68
711.00000,33.04
712.00000,33.31
713.00000,33.35
714.00000,33.28
715.00000,33.07
716.00000,33.02
717.00000,33.01
718.00000,33.00
719.00000,32.79
720.00000,32.70
721.00000,32.86
722.00000,32.97
723.00000,33.09
724.00000,33.32
725.00000,33.26
726.00000,33.29
727.00000,33.53
728.00000,33.52
729.00000,33.42
730.00000,33.19
731.00000,32.25
732.00000,32.51
733.00000,33.58
734.00000,34.07
735.00000,34.15
736.00000,34.12
737.00000,33.83
738.00000,33.93
739.00000,34.21
740.00000,34.45
741.00000,34.83
742.00000,34.91
743.00000,35.04
744.00000,35.09
745.00000,35.20
746.00000,35.44
747.00000,35.26
748.00000,35.15
749.00000,35.23
750.00000,35.18
751.00000,34.84
752.00000,34.53
753.00000,34.89
754.00000,35.21
755.00000,34.98
756.00000,34.78
757.00000,34.60
758.00000,34.50
759.00000,34.51
760.00000,34.55
761.00000,34.53
762.00000,34.62
763.00000,34.70
764.00000,34.84
765.00000,32.91
766.00000,32.72
767.00000,32.58
768.00000,32.65
769.00000,32.77
770.00000,32.84
771.00000,32.68
772.00000,32.70
773.00000,32.77
774.00000,32.81
775.00000,32.73
776.00000,32.82
777.00000,33.25
778.00000,33.89
779.00000,34.09
780.00000,33.77
781.00000,33.65
782.00000,33.93
783.00000,34.03
784.00000,34.35
785.00000,34.74
786.00000,34.80
787.00000,34.45
788.00000,34.46
789.00000,34.69
790.00000,34.56
791.00000,33.79
792.00000,33.68
793.00000,33.77
794.00000,33.60
795.00000,33.65
796.00000,34.21
797.00000,34.36
798.00000,34.66
799.00000,34.05
800.00000,33.78
801.00000,34.04
802.00000,34.40
803.00000,35.10
804.00000,35.25
805.00000,34.52
806.00000,34.59
807.00000,35.01
808.00000,35.10
809.00000,34.96
810.00000,34.13
811.00000,34.14
812.00000,34.16
813.00000,33.63
814.00000,33.85
815.00000,34.66
816.00000,34.72
817.00000,34.69
818.00000,34.74
819.00000,34.74
820.00000,34.75
821.00000,34.83
822.00000,35.06
823.00000,35.49
824.00000,35.60
825.00000,35.08
826.00000,34.95
827.00000,35.36
828.00000,35.57
829.00000,36.18
830.00000,36.30
831.00000,36.40
832.00000,36.50
833.00000,36.67
834.00000,36.85
835.00000,36.91
836.00000,36.93
837.00000,36.99
838.00000,36.68
839.00000,36.58
840.00000,36.76
841.00000,36.83
842.00000,36.64
843.00000,36.71
844.00000,36.86
845.00000,36.98
846.00000,37.12
847.00000,37.31
848.00000,37.41
849.00000,37.52
850.00000,37.64
851.00000,37.12
852.00000,36.91
853.00000,36.87
854.00000,36.87
855.00000,36.67
856.00000,36.08
857.00000,36.03
858.00000,35.82
859.00000,35.37
860.00000,34.03
861.00000,33.98
862.00000,33.38
863.00000,31.01
864.00000,34.08
865.00000,37.23
866.00000,37.38
867.00000,37.58
868.00000,37.68
869.00000,37.67
870.00000,37.64
871.00000,37.57
872.00000,37.47
873.00000,37.31
874.00000,37.23
875.00000,37.16
876.00000,37.33
877.00000,37.40
878.00000,37.43
879.00000,36.98
880.00000,36.28
881.00000,36.22
882.00000,36.39
883.00000,36.35
884.00000,36.48
885.00000,36.57
886.00000,36.87
887.00000,36.95
888.00000,36.77
889.00000,36.66
890.00000,36.72
891.00000,36.87
892.00000,36.84
893.00000,36.78
894.00000,36.80
895.00000,36.60
896.00000,36.54
897.00000,36.52
898.00000,36.49
899.00000,36.45
900.00000,36.37
901.00000,36.33
902.00000,36.37
903.00000,36.27
904.00000,36.12
905.00000,36.01
906.00000,35.84
907.00000,36.08
908.00000,36.15
909.00000,35.98
910.00000,35.88
911.00000,35.92
912.00000,36.23
913.00000,36.54
914.00000,36.61
915.00000,36.60
916.00000,36.51
917.00000,36.50
918.00000,36.35
919.00000,36.25
920.00000,36.24
921.00000,36.40
922.00000,36.27
923.00000,35.76
924.00000,35.87
925.00000,35.89
926.00000,35.91
927.00000,35.75
928.00000,35.78
929.00000,35.66
930.00000,35.67
931.00000,35.99
932.00000,36.24
933.00000,36.31
934.00000,35.61
935.00000,35.66
936.00000,35.64
937.00000,35.77
938.00000,35.76
939.00000,35.59
940.00000,35.65
941.00000,35.60
942.00000,35.66
943.00000,35.80
944.00000,35.81
945.00000,35.78
946.00000,35.62
947.00000,35.64
948.00000,35.52
949.00000,35.39
950.00000,35.35
951.00000,35.39
952.00000,35.59
953.00000,35.83
954.00000,35.82
955.00000,35.84
956.00000,35.86
957.00000,35.90
958.00000,35.98
959.00000,36.06
960.00000,36.08
961.00000,36.22
962.00000,36.32
963.00000,35.94
964.00000,36.04
965.00000,35.89
966.00000,36.28
967.00000,36.53
968.00000,36.66
969.00000,36.72
970.00000,36.51
971.00000,36.22
972.00000,36.09
973.00000,36.48
974.00000,36.32
975.00000,36.04
976.00000,35.82
977.00000,35.47
978.00000,35.47
979.00000,35.70
980.00000,35.63
981.00000,35.58
982.00000,35.59
983.00000,35.56
984.00000,35.45
985.00000,35.45
986.00000,35.72
987.00000,36.04
988.00000,36.21
989.00000,35.52
990.00000,33.73
991.00000,33.13
992.00000,32.84
993.00000,32.28
994.00000,32.27
995.00000,32.04
996.00000,31.89
997.00000,31.55
998.00000,31.24
999.00000,31.03
1000.00000,30.36
1001.00000,29.34
1002.00000,28.12
1003.00000,26.63
1004.00000,25.55
1005.00000,30.46
1006.00000,33.35
1007.00000,33.13
1008.00000,33.41
1009.00000,33.78
1010.00000,33.81
1011.00000,33.55
1012.00000,33.51
1013.00000,33.72
1014.00000,33.91
1015.00000,34.17
1016.00000,34.41
1017.00000,34.65
1018.00000,34.73
1019.00000,34.54
1020.00000,34.36
1021.00000,34.67
1022.00000,34.59
1023.00000,34.29
1024.00000,34.04
1025.00000,34.18
1026.00000,34.09
1027.00000,34.24
1028.00000,34.33
1029.00000,34.20
1030.00000,34.28
1031.00000,34.18
1032.00000,34.21
1033.00000,34.37
1034.00000,34.39
1035.00000,34.51
1036.00000,34.54
1037.00000,34.50
1038.00000,34.51
1039.00000,34.38
1040.00000,33.45
1041.00000,33.34
1042.00000,33.37
1043.00000,33.22
1044.00000,33.41
1045.00000,33.56
1046.00000,33.75
1047.00000,33.98
1048.00000,34.03
1049.00000,34.07
1050.00000,34.06
1051.00000,33.75
1052.00000,33.25
1053.00000,33.19
1054.00000,33.31
1055.00000,33.54
1056.00000,33.73
1057.00000,33.67
1058.00000,33.83
1059.00000,34.16
1060.00000,34.11
1061.00000,33.96
1062.00000,33.90
1063.00000,33.69
1064.00000,33.90
1065.00000,33.75
1066.00000,33.71
1067.00000,33.82
1068.00000,33.89
1069.00000,34.14
1070.00000,34.37
1071.00000,34.39
1072.00000,34.59
1073.00000,34.73
1074.00000,34.83
1075.00000,34.65
1076.00000,34.72
1077.00000,34.91
1078.00000,35.01
1079.00000,35.00
1080.00000,34.99
1081.00000,35.15
1082.00000,35.22
1083.00000,35.27
1084.00000,35.50
1085.00000,35.55
1086.00000,35.43
1087.00000,35.58
1088.00000,35.58
1089.00000,35.37
1090.00000,35.44
1091.00000,35.52
1092.00000,35.59
1093.00000,35.43
1094.00000,35.51
1095.00000,35.56
1096.00000,35.66
1097.00000,35.74
1098.00000,35.67
1099.00000,35.19
1100.00000,35.14
1101.00000,34.85
1102.00000,35.32
1103.00000,34.96
1104.00000,34.68
1105.00000,34.38
1106.00000,34.44
1107.00000,34.27
1108.00000,34.03
1109.00000,34.01
1110.00000,34.02
1111.00000,34.13
1112.00000,34.16
1113.00000,34.13
1114.00000,34.15
1115.00000,34.19
1116.00000,34.21
1117.00000,34.36
1118.00000,34.69
1119.00000,35.08
1120.00000,35.16
1121.00000,35.08
1122.00000,34.93
1123.00000,34.89
1124.00000,34.90
1125.00000,35.00
1126.00000,35.23
1127.00000,35.25
1128.00000,35.31
1129.00000,35.32
1130.00000,35.36
1131.00000,35.41
1132.00000,35.62
1137.00000,36.36
1138.00000,36.42
1139.00000,36.45
1140.00000,36.49
1141.00000,36.20
1142.00000,36.31
1143.00000,36.47
1144.00000,36.45
1145.00000,35.85
1146.00000,35.89
1147.00000,36.33
1148.00000,36.20
1149.00000,36.40
1150.00000,36.74
1151.00000,36.55
1152.00000,36.26
1153.00000,36.17
1154.00000,36.16
1155.00000,36.32
1156.00000,36.47
1157.00000,36.60
1158.00000,36.52
1159.00000,36.51
1160.00000,36.65
1161.00000,36.71
1162.00000,36.69
1163.00000,36.74
1164.00000,36.59
1165.00000,36.64
1166.00000,36.74
1167.00000,36.73
1168.00000,36.81
1169.00000,36.75
1170.00000,36.40
1171.00000,36.60
1172.00000,36.75
1173.00000,36.83
1174.00000,36.86
1175.00000,36.95
1176.00000,36.98
1177.00000,37.02
1178.00000,37.07
1179.00000,37.02
1180.00000,36.98
1181.00000,36.85
1182.00000,36.96
1183.00000,37.12
1184.00000,37.38
1185.00000,37.49
1186.00000,37.51
1187.00000,37.08
1188.00000,36.84
1189.00000,37.09
1190.00000,37.07
1191.00000,36.81
1192.00000,36.57
1193.00000,36.79
1194.00000,36.63
1195.00000,36.41
1196.00000,36.23
1197.00000,35.85
1198.00000,35.65
1199.00000,35.22
1200.00000,34.80
1201.00000,34.32
1202.00000,36.96
1203.00000,37.14
1204.00000,37.68
1205.00000,38.18
1206.00000,37.95
1207.00000,38.01
1208.00000,37.90
1209.00000,37.94
1210.00000,37.81
1211.00000,37.74
1212.00000,37.75
1213.00000,37.49
1214.00000,37.29
1215.00000,36.97
1216.00000,37.10
1217.00000,37.33
1218.00000,37.47
1219.00000,37.74
1220.00000,37.64
1221.00000,37.62
1222.00000,37.23
1223.00000,37.19
1224.00000,37.29
1225.00000,37.09
1226.00000,37.24
1227.00000,37.00
1228.00000,36.83
1229.00000,36.95
1230.00000,36.82
1231.00000,36.77
1232.00000,37.14
1233.00000,37.57
1234.00000,37.52
1235.00000,37.16
1236.00000,36.92
1237.00000,37.13
1238.00000,37.32
1239.00000,37.48
1240.00000,37.23
1241.00000,37.24
1242.00000,37.92
1243.00000,38.25
1244.00000,38.29
1245.00000,38.10
1246.00000,38.23
1247.00000,38.72
1248.00000,38.30
1249.00000,37.18
1250.00000,37.09
1251.00000,37.13
1252.00000,37.13
1253.00000,37.64
1254.00000,37.38
1255.00000,37.57
1256.00000,37.59
1257.00000,37.61
1258.00000,37.40
1259.00000,36.52
1260.00000,36.67
1261.00000,36.96
1262.00000,36.71
1263.00000,36.92
1264.00000,36.73
1265.00000,36.65
1266.00000,35.94
1267.00000,34.90
1268.00000,35.00
1269.00000,35.43
1270.00000,35.39
1271.00000,35.84
1272.00000,35.78
1273.00000,35.63
1274.00000,35.42
1275.00000,35.43
1276.00000,35.43
1277.00000,35.58
1278.00000,35.69
1279.00000,35.61
1280.00000,35.32
1281.00000,35.50
1282.00000,35.75
1283.00000,36.01
1284.00000,36.17
1285.00000,36.26
1286.00000,36.26
1287.00000,36.48
1288.00000,36.69
1289.00000,36.77
1290.00000,36.84
1291.00000,36.84
1292.00000,36.86
1293.00000,36.75
1294.00000,36.64
1295.00000,36.48
1296.00000,36.46
1297.00000,36.55
1298.00000,36.67
1299.00000,36.68
1300.00000,36.60
1301.00000,36.70
1302.00000,36.77
1303.00000,36.76
1304.00000,36.64
1305.00000,36.63
1306.00000,36.66
1307.00000,36.64
1308.00000,36.78
1309.00000,36.86
1310.00000,36.49
1311.00000,36.42
1312.00000,36.26
1313.00000,36.51
1314.00000,36.65
1315.00000,36.76
1316.00000,36.87
1317.00000,36.81
1318.00000,36.81
1319.00000,36.88
1320.00000,36.94
1321.00000,36.87
1322.00000,36.72
1323.00000,36.75
1324.00000,36.83
1325.00000,36.84
1326.00000,36.62
1327.00000,36.46
1328.00000,36.49
1329.00000,36.57
1330.00000,36.21
1331.00000,35.45
1332.00000,35.57
1333.00000,35.78
1334.00000,35.77
1335.00000,35.89
1336.00000,35.88
1337.00000,34.82
1338.00000,34.53
1339.00000,34.56
1340.00000,34.77
1341.00000,34.80
1342.00000,34.98
1343.00000,35.16
1344.00000,35.21
1345.00000,34.44
1346.00000,35.03
1347.00000,34.58
1348.00000,34.49
1349.00000,34.60
1350.00000,34.81
1351.00000,35.04
1352.00000,35.08
1353.00000,35.08
1354.00000,34.93
1355.00000,34.39
1356.00000,34.22
1357.00000,34.27
1358.00000,34.13
1359.00000,34.10
1360.00000,34.12
1361.00000,34.54
1362.00000,33.46
1363.00000,33.45
1364.00000,33.24
1365.00000,33.12
1366.00000,32.77
1375.00000,33.67
1382.00000,34.33
1383.00000,33.91
1384.00000,32.89
1385.00000,31.37
1386.00000,32.12
1387.00000,32.42
1403.00000,28.40
1438.00000,32.27
1451.00000,33.71
1452.00000,33.53
1453.00000,33.51
1454.00000,33.66
1455.00000,33.97
1456.00000,34.46
1457.00000,34.48
1458.00000,34.42
1459.00000,34.27
1460.00000,34.22
1461.00000,34.15
1462.00000,34.13
1463.00000,34.35
1464.00000,34.58
1465.00000,34.59
1466.00000,34.69
1467.00000,34.84
1468.00000,34.93
1469.00000,34.97
1470.00000,35.02
1471.00000,35.11
1472.00000,35.09
1473.00000,35.01
1474.00000,35.13
1475.00000,35.13
1476.00000,35.52
1477.00000,35.62
1478.00000,35.42
1479.00000,35.18
1480.00000,33.89
1481.00000,33.20
1482.00000,33.52
1483.00000,33.43
1484.00000,33.39
1485.00000,33.65
1486.00000,33.68
1487.00000,33.86
1488.00000,33.91
1489.00000,33.86
1490.00000,34.04
1491.00000,34.22
1492.00000,34.33
1493.00000,34.30
1494.00000,34.42
1495.00000,34.76
1496.00000,34.57
1497.00000,34.87
1498.00000,35.17
1499.00000,35.12
1500.00000,35.08
1501.00000,34.88
1502.00000,34.72
1503.00000,34.67
1504.00000,34.60
1505.00000,34.55
1506.00000,34.46
1507.00000,34.49
1508.00000,34.64
1509.00000,34.77
1510.00000,34.84
1511.00000,34.81
1512.00000,34.82
1513.00000,35.02
1514.00000,35.10
1515.00000,35.17
1516.00000,35.52
1529.00000,36.30
1585.00000,38.53
1620.00000,38.47
1654.00000,37.02
1655.00000,37.05
1656.00000,37.08
1657.00000,37.00
1658.00000,36.86
1659.00000,36.84
1660.00000,36.48
1661.00000,36.56
1662.00000,36.71
1663.00000,36.97
1664.00000,37.15
1665.00000,37.27
1666.00000,37.30
1667.00000,37.30
1668.00000,37.32
1669.00000,37.32
1670.00000,37.28
1671.00000,37.41
1672.00000,37.46
1673.00000,37.31
1674.00000,37.29
1675.00000,37.42
1676.00000,37.34
1677.00000,37.39
1678.00000,37.37
1679.00000,37.47
1680.00000,37.19
1681.00000,37.50
1682.00000,37.88
1683.00000,38.02
1684.00000,37.82
1685.00000,37.71
1686.00000,37.72
1687.00000,37.55
1688.00000,37.45
1689.00000,37.48
1690.00000,37.58
1691.00000,37.70
1692.00000,37.84
1693.00000,37.93
1694.00000,37.97
1695.00000,38.06
1696.00000,38.15
1697.00000,38.40
1698.00000,38.53
1699.00000,38.21
1700.00000,37.83
1701.00000,37.12
1702.00000,36.75
1703.00000,36.33
1704.00000,36.33
1705.00000,36.40
1706.00000,36.60
1707.00000,36.67
1708.00000,36.73
1709.00000,36.81
1710.00000,36.87
1711.00000,36.86
1712.00000,36.76
1713.00000,36.76
1714.00000,36.76
1718.00000,36.90
1739.00000,31.20
1774.00000,35.63
1802.00000,35.30
1837.00000,31.40
1865.00000,35.10
1893.00000,36.03
1921.00000,37.00
1956.00000,37.30
1984.00000,37.07
2019.00000,37.20
2043.00000,34.91
2044.00000,35.03
2045.00000,35.14
2046.00000,35.26
2047.00000,35.28
2048.00000,35.15
2049.00000,35.03
2050.00000,35.08
2051.00000,35.15
2052.00000,35.31
2053.00000,35.43
2054.00000,35.42
2055.00000,35.45
2056.00000,35.53
2057.00000,35.62
2082.00000,34.87
2103.00000,29.03
2123.00000,29.95
2124.00000,30.85
2125.00000,31.08
2126.00000,30.73
2127.00000,29.86
2128.00000,30.18
2129.00000,31.08
2130.00000,30.76
2131.00000,31.10
2132.00000,31.29
2133.00000,30.99
2134.00000,31.11
2135.00000,31.66
2136.00000,30.64
2137.00000,27.14
2138.00000,27.11
2139.00000,28.53
2140.00000,29.22
2141.00000,28.61
2142.00000,28.69
2143.00000,29.31
2144.00000,30.07
2145.00000,29.52
2146.00000,28.49
2147.00000,29.18
2148.00000,30.00
2149.00000,30.09
2150.00000,30.10
2151.00000,30.52
2152.00000,30.94
2153.00000,30.78
2154.00000,30.92
2155.00000,31.74
2156.00000,31.85
2157.00000,31.86
2158.00000,32.29
2159.00000,32.97
2160.00000,33.35
2161.00000,33.51
2162.00000,33.51
2163.00000,33.26
2164.00000,33.36
2165.00000,33.63
2166.00000,33.86
2167.00000,33.93
2168.00000,33.69
2169.00000,33.50
2170.00000,33.47
2171.00000,33.49
2172.00000,33.51
2173.00000,33.62
2174.00000,33.81
2175.00000,33.58
2176.00000,33.64
2177.00000,34.07
2178.00000,34.03
2179.00000,33.58
2180.00000,32.97
2181.00000,32.71
2182.00000,32.55
2183.00000,33.07
2184.00000,33.48
2185.00000,33.65
2186.00000,33.53
2187.00000,33.14
2188.00000,32.91
2189.00000,33.04
2190.00000,33.18
2191.00000,33.00
2192.00000,32.68
2193.00000,32.37
2194.00000,32.28
2195.00000,32.04
2196.00000,32.15
2197.00000,33.00
2198.00000,32.74
2199.00000,32.42
2200.00000,32.11
2201.00000,32.13
2202.00000,32.40
2203.00000,32.21
2204.00000,32.54
2205.00000,32.73
2206.00000,33.23
2207.00000,33.53
2208.00000,33.46
2209.00000,33.50
2210.00000,33.66
2211.00000,33.71
2212.00000,33.97
2213.00000,34.22
2214.00000,34.27
2215.00000,34.40
2216.00000,34.53
2217.00000,34.38
2218.00000,34.67
2219.00000,34.48
2220.00000,34.71
2221.00000,34.72
2222.00000,34.72
2223.00000,34.83
2224.00000,34.59
2225.00000,34.72
2226.00000,34.73
2227.00000,34.73
2228.00000,34.49
2229.00000,34.57
2230.00000,34.79
2231.00000,34.90
2232.00000,34.79
2233.00000,34.60
2234.00000,34.67
2235.00000,34.68
2236.00000,34.70
2237.00000,34.80
2238.00000,35.00
2239.00000,34.90
2240.00000,34.60
2241.00000,34.72
2242.00000,34.95
2243.00000,35.07
2244.00000,35.12
2245.00000,34.95
2246.00000,34.94
2247.00000,34.78
2248.00000,34.97
2249.00000,35.10
2250.00000,34.99
2251.00000,35.27
2252.00000,35.15
2253.00000,35.08
2254.00000,35.48
2255.00000,35.20
2256.00000,35.42
2257.00000,35.39
2258.00000,35.41
2259.00000,35.10
2260.00000,34.86
2261.00000,35.11
2262.00000,35.07
2263.00000,35.16
2264.00000,35.17
2265.00000,35.28
2266.00000,35.33
2267.00000,35.36
2268.00000,35.48
2269.00000,35.56
2270.00000,35.59
2271.00000,35.57
2272.00000,35.52
2273.00000,35.39
2274.00000,35.54
2275.00000,35.77
2276.00000,35.70
2277.00000,35.69
2278.00000,35.71
2279.00000,35.76
2280.00000,35.83
2281.00000,35.82
2282.00000,35.71
2283.00000,35.53
2284.00000,35.54
2285.00000,35.64
2286.00000,35.68
2287.00000,36.01
2288.00000,36.29
2289.00000,36.22
2290.00000,35.96
2291.00000,35.86
2292.00000,35.72
2293.00000,35.86
2294.00000,35.89
2295.00000,35.73
2296.00000,35.90
2297.00000,36.07
2298.00000,36.20
2299.00000,36.32
2300.00000,36.46
2301.00000,36.55
2302.00000,36.69
2303.00000,36.40
2304.00000,36.35
2305.00000,36.15
2306.00000,36.13
2307.00000,36.61
2308.00000,36.44
2309.00000,36.44
2310.00000,36.59
2311.00000,36.37
2312.00000,36.24
2313.00000,36.00
2314.00000,35.80
2315.00000,35.87
2316.00000,36.09
2317.00000,36.31
2318.00000,36.42
2319.00000,36.48
2320.00000,36.51
2321.00000,36.67
2322.00000,37.33
2323.00000,37.85
2324.00000,38.08
2325.00000,38.13
2326.00000,37.78
2327.00000,37.77
2328.00000,37.87
2329.00000,37.60
2330.00000,37.14
2331.00000,36.99
2332.00000,36.94
2333.00000,36.65
2334.00000,36.38
2335.00000,36.46
2336.00000,37.15
2337.00000,37.45
2338.00000,37.40
2339.00000,37.53
2340.00000,37.62
2341.00000,37.61
2342.00000,37.80
2343.00000,37.61
2344.00000,37.60
2345.00000,37.68
2346.00000,37.63
2347.00000,37.28
2383.00000,31.90
2411.00000,35.50
2447.00000,35.70
2474.00000,36.00
2510.00000,25.93
2530.00000,33.93
2565.00000,32.50
2593.00000,34.43
2621.00000,35.70
2656.00000,36.43
2684.00000,35.97
2712.00000,36.27
2747.00000,36.17
2775.00000,36.47
2810.00000,33.60
2838.00000,34.57
2866.00000,30.23
2922.00000,35.52
2923.00000,35.52
2924.00000,35.57
2925.00000,35.68
2926.00000,35.72
2927.00000,35.68
2928.00000,35.54
2929.00000,35.63
2930.00000,35.88
2931.00000,35.69
2932.00000,35.49
2933.00000,35.52
2934.00000,35.50
2935.00000,35.10
2936.00000,34.64
2937.00000,34.38
2938.00000,34.33
2939.00000,34.27
2940.00000,34.39
2941.00000,34.75
2942.00000,34.98
2943.00000,34.77
2944.00000,34.75
2945.00000,34.77
2946.00000,35.01
2947.00000,34.88
2948.00000,34.96
2949.00000,34.88
2950.00000,34.83
2951.00000,34.87
2952.00000,35.00
2953.00000,34.52
2954.00000,34.41
2955.00000,34.50
2956.00000,34.25
2957.00000,34.17
2958.00000,34.57
2959.00000,34.96
2960.00000,35.30
2961.00000,35.33
2962.00000,35.63
2963.00000,35.69
2964.00000,35.72
2965.00000,35.69
2966.00000,35.69
2967.00000,35.77
2968.00000,35.67
2969.00000,35.63
2970.00000,35.67
2971.00000,35.79
2972.00000,35.96
2973.00000,35.87
2974.00000,36.08
2975.00000,35.77
2976.00000,35.85
2977.00000,35.78
2978.00000,35.68
2979.00000,35.35
2980.00000,35.41
2981.00000,35.54
2982.00000,35.95
2983.00000,36.12
2984.00000,36.16
2985.00000,36.21
2986.00000,36.20
2987.00000,36.22
2988.00000,36.02
2989.00000,35.81
2990.00000,35.97
2991.00000,36.20
2992.00000,36.39
2993.00000,36.69
2994.00000,36.85
2995.00000,37.05
2996.00000,37.06
2997.00000,37.03
2998.00000,36.94
2999.00000,36.81
3000.00000,36.95
3001.00000,37.10
3002.00000,37.19
3003.00000,37.25
3004.00000,37.19
3005.00000,37.32
3006.00000,37.31
3007.00000,37.08
3008.00000,36.91
3009.00000,36.91
3010.00000,36.82
3011.00000,36.94
3012.00000,36.97
3013.00000,36.83
3014.00000,36.89
3015.00000,37.23
3016.00000,37.28
3017.00000,37.27
3018.00000,37.23
3019.00000,37.31
3020.00000,37.48
3021.00000,37.38
3022.00000,37.19
3023.00000,37.14
3024.00000,37.09
3025.00000,36.86
3026.00000,36.43
3027.00000,36.48
3028.00000,36.78
3029.00000,37.09
3030.00000,37.40
3031.00000,37.07
3032.00000,37.14
3033.00000,37.22
3034.00000,37.17
3035.00000,37.13
3036.00000,37.25
3037.00000,37.40
3038.00000,37.57
3039.00000,37.56
3040.00000,37.47
3041.00000,37.45
3042.00000,37.47
3043.00000,37.34
3044.00000,37.20
3045.00000,37.16
3046.00000,37.02
3047.00000,37.01
3048.00000,37.14
3049.00000,37.31
3050.00000,37.41
3051.00000,37.40
3052.00000,37.39
3053.00000,37.39
3054.00000,37.44
3055.00000,37.38
3056.00000,37.26
3057.00000,37.23
3058.00000,37.08
3059.00000,37.06
3060.00000,37.06
3061.00000,37.20
3062.00000,37.38
3063.00000,37.66
3064.00000,37.78
3065.00000,37.32
3066.00000,37.56
3067.00000,38.00
3068.00000,37.92
3069.00000,37.82
3070.00000,37.53
3071.00000,37.59
3072.00000,37.76
3073.00000,37.77
3074.00000,37.79
3075.00000,37.90
3076.00000,37.97
3077.00000,38.18
3078.00000,38.19
3079.00000,37.96
3080.00000,37.77
3081.00000,37.62
3082.00000,37.67
3083.00000,37.89
3084.00000,37.76
3085.00000,37.71
3086.00000,37.61
3087.00000,37.49
3088.00000,37.60
3089.00000,37.59
3090.00000,37.87
3091.00000,38.53
3092.00000,38.47
3093.00000,38.27
3094.00000,38.22
3095.00000,37.98
3096.00000,37.86
3097.00000,37.83
3098.00000,37.79
3099.00000,37.83
3100.00000,37.84
3101.00000,37.80
3102.00000,37.78
3103.00000,37.72
3104.00000,37.66
3105.00000,38.20
3106.00000,38.39
3107.00000,38.41
3108.00000,38.32
3109.00000,38.36
3110.00000,38.48
3111.00000,38.51
3112.00000,38.63
3113.00000,38.72
3114.00000,38.86
3115.00000,39.02
3116.00000,39.58
3117.00000,39.30
3118.00000,39.07
3119.00000,38.73
3120.00000,38.49
3121.00000,38.10
3122.00000,37.67
3123.00000,37.41
3124.00000,37.21
3125.00000,37.18
3126.00000,37.23
3127.00000,37.39
3128.00000,37.49
3129.00000,36.95
3130.00000,37.00
3131.00000,37.26
3132.00000,37.04
3133.00000,36.65
3134.00000,36.56
3135.00000,36.19
3136.00000,36.09
3137.00000,36.11
3138.00000,35.97
3139.00000,35.87
3140.00000,35.91
3141.00000,36.19
3142.00000,36.50
3143.00000,36.57
3144.00000,36.60
3145.00000,36.68
3146.00000,36.76
3147.00000,36.76
3148.00000,36.22
3149.00000,36.01
3150.00000,36.12
3151.00000,36.35
3152.00000,36.58
3153.00000,36.68
3154.00000,36.64
3155.00000,36.72
3156.00000,36.75
3157.00000,36.76
3158.00000,36.63
3159.00000,36.79
3160.00000,36.89
3161.00000,36.98
3162.00000,36.92
3163.00000,36.73
3164.00000,36.57
3165.00000,36.51
3166.00000,36.52
3167.00000,36.62
3168.00000,37.00
3169.00000,36.96
3170.00000,37.19
3171.00000,36.56
3172.00000,35.97
3173.00000,35.93
3174.00000,36.15
3175.00000,36.29
3176.00000,36.45
3177.00000,36.52
3178.00000,36.52
3179.00000,36.51
3180.00000,36.41
3181.00000,36.27
3182.00000,36.30
3183.00000,36.38
3184.00000,36.49
3185.00000,36.60
3186.00000,36.75
3187.00000,36.84
3188.00000,36.97
3189.00000,37.01
3190.00000,37.08
3191.00000,36.94
3192.00000,36.88
3193.00000,36.81
3194.00000,36.73
3195.00000,36.67
3196.00000,36.80
3197.00000,36.94
3198.00000,37.08
3199.00000,37.19
3200.00000,37.22
3201.00000,37.36
3202.00000,37.52
3203.00000,37.79
3204.00000,38.00
3205.00000,37.83
3206.00000,37.73
3207.00000,37.68
3208.00000,37.40
3209.00000,37.37
3210.00000,37.33
3211.00000,36.73
3212.00000,36.34
3213.00000,36.45
3214.00000,36.62
3215.00000,36.64
3216.00000,36.49
3217.00000,36.16
3218.00000,36.24
3219.00000,36.37
3220.00000,36.02
3221.00000,35.62
3222.00000,34.12
3223.00000,35.20
3224.00000,35.39
3225.00000,35.29
3226.00000,35.27
3227.00000,35.35
3228.00000,35.55
3229.00000,35.68
3230.00000,35.56
3231.00000,35.17
3232.00000,35.10
3233.00000,35.38
3234.00000,35.81
3235.00000,35.79
3236.00000,35.57
3237.00000,35.37
3238.00000,35.23
3239.00000,35.29
3240.00000,35.41
3241.00000,35.41
3242.00000,35.30
3243.00000,35.41
3244.00000,35.30
3245.00000,35.18
3246.00000,35.06
3247.00000,34.99
3248.00000,35.09
3249.00000,35.15
3250.00000,35.16
3251.00000,34.98
3252.00000,34.89
3253.00000,35.02
3254.00000,34.75
3255.00000,35.02
3256.00000,35.22
3257.00000,35.24
3258.00000,35.34
3259.00000,35.09
3260.00000,34.31
3261.00000,34.12
3262.00000,33.84
3263.00000,34.29
3264.00000,34.84
3265.00000,35.37
3266.00000,35.75
3267.00000,36.10
3268.00000,36.21
3269.00000,36.20
3270.00000,36.12
3271.00000,36.32
3272.00000,36.41
3273.00000,36.67
3274.00000,36.33
3275.00000,35.63
3276.00000,35.05
3277.00000,34.71
3278.00000,35.18
3279.00000,35.58
3280.00000,35.68
3281.00000,35.63
3282.00000,35.48
3283.00000,35.09
3284.00000,35.33
3285.00000,35.83
3286.00000,36.12
3287.00000,36.08
3288.00000,36.00
3289.00000,35.98
3290.00000,36.04
3291.00000,36.29
3292.00000,36.34
3293.00000,36.39
3294.00000,36.39
3295.00000,36.41
3296.00000,36.46
3297.00000,36.46
3298.00000,36.43
3299.00000,36.40
3300.00000,36.41
3301.00000,36.35
3302.00000,36.20
3303.00000,35.96
3304.00000,35.76
3305.00000,35.74
3306.00000,36.01
3307.00000,35.92
3308.00000,35.81
3309.00000,35.68
3310.00000,35.59
3311.00000,35.49
3312.00000,35.54
3313.00000,35.63
3314.00000,35.49
3315.00000,35.38
3316.00000,35.29
3317.00000,35.26
3318.00000,35.31
3319.00000,35.25
3320.00000,35.24
3321.00000,35.18
3322.00000,35.94
3323.00000,36.72
3324.00000,36.80
3325.00000,36.75
3326.00000,36.75
3327.00000,36.64
3328.00000,36.62
3329.00000,36.61
3330.00000,36.64
3331.00000,36.60
3332.00000,36.48
3333.00000,36.49
3334.00000,36.50
3335.00000,36.47
3336.00000,36.28
3337.00000,36.26
3338.00000,36.70
3339.00000,36.77
3340.00000,36.84
3341.00000,36.78
3342.00000,36.79
3343.00000,36.69
3344.00000,36.54
3345.00000,36.62
3346.00000,36.68
3347.00000,36.76
3348.00000,36.82
3349.00000,37.18
3350.00000,37.34
3351.00000,37.22
3352.00000,37.23
3353.00000,37.21
3354.00000,37.22
3355.00000,37.31
3356.00000,37.35
3357.00000,37.09
3358.00000,37.15
3359.00000,37.16
3360.00000,37.16
3361.00000,37.09
3362.00000,37.06
3363.00000,36.88
3364.00000,36.68
3365.00000,36.26
3366.00000,36.38
3367.00000,36.54
3368.00000,36.58
3369.00000,36.51
3370.00000,36.63
3371.00000,36.69
3372.00000,36.69
3373.00000,36.66
3374.00000,36.62
3375.00000,36.59
3376.00000,36.59
3383.00000,37.97
3384.00000,38.16
3385.00000,38.15
3386.00000,37.22
3387.00000,36.91
3388.00000,37.06
3389.00000,37.31
3390.00000,37.36
3391.00000,37.05
3392.00000,37.25
3393.00000,37.39
3394.00000,37.93
3395.00000,37.84
3396.00000,37.73
3397.00000,37.75
3398.00000,37.79
3399.00000,37.72
3400.00000,37.66
3401.00000,37.68
3402.00000,37.70
3403.00000,37.80
3404.00000,37.55
3405.00000,37.34
3406.00000,37.49
3407.00000,37.64
3408.00000,37.37
3409.00000,37.13
3410.00000,37.17
3411.00000,37.33
3412.00000,37.64
3413.00000,37.60
3414.00000,37.07
3415.00000,37.50
3416.00000,38.14
3417.00000,38.23
3418.00000,38.27
3419.00000,38.44
3420.00000,38.10
3421.00000,38.00
3422.00000,37.85
3423.00000,37.66
3424.00000,38.21
3425.00000,38.73
3426.00000,38.64
3427.00000,38.00
3428.00000,37.84
3429.00000,38.55
3430.00000,38.53
3431.00000,38.23
3432.00000,38.26
3433.00000,38.20
3434.00000,38.36
3435.00000,38.65
3436.00000,38.78
3437.00000,38.82
3438.00000,38.70
3439.00000,38.60
3440.00000,38.38
3441.00000,38.04
3442.00000,37.96
3443.00000,37.72
3444.00000,37.46
3445.00000,37.31
3446.00000,37.22
3447.00000,37.27
3448.00000,37.30
3449.00000,35.73
3450.00000,34.92
3451.00000,35.38
3452.00000,35.61
3453.00000,35.94
3454.00000,36.16
3455.00000,36.41
3456.00000,36.40
3457.00000,36.15
3458.00000,35.34
3459.00000,34.71
3460.00000,34.29
3461.00000,34.30
3462.00000,34.25
3463.00000,34.38
3464.00000,34.54
3465.00000,34.63
3466.00000,34.79
3467.00000,34.90
3468.00000,35.02
3469.00000,35.18
3470.00000,35.30
3471.00000,35.40
3472.00000,35.71
3473.00000,36.11
3474.00000,36.34
3475.00000,36.31
3476.00000,36.32
3477.00000,36.24
3478.00000,35.63
3479.00000,35.87
3480.00000,35.95
3481.00000,36.06
3482.00000,36.13
3483.00000,36.19
3484.00000,36.22
3485.00000,36.13
3486.00000,36.23
3487.00000,36.33
3488.00000,36.38
3489.00000,36.25
3490.00000,36.29
3491.00000,36.29
3492.00000,36.42
3493.00000,36.45
3494.00000,36.48
3495.00000,36.46
3496.00000,36.43
3497.00000,36.39
3498.00000,36.33
3499.00000,36.20
3500.00000,36.27
3501.00000,36.54
3502.00000,36.68
3503.00000,36.81
3504.00000,36.77
3505.00000,36.81
3506.00000,36.89
3507.00000,36.98
3508.00000,37.05
3509.00000,37.12
3510.00000,37.16
3511.00000,37.24
3512.00000,37.02
3513.00000,36.93
3514.00000,36.94
3515.00000,36.94
3516.00000,37.01
3517.00000,37.03
3518.00000,37.01
3519.00000,37.02
3520.00000,37.27
3521.00000,37.36
3522.00000,37.28
3523.00000,37.00
3524.00000,37.03
3525.00000,36.16
3526.00000,35.43
3527.00000,35.08
3528.00000,35.15
3529.00000,35.11
3530.00000,34.62
3531.00000,34.41
3532.00000,34.51
3533.00000,34.43
3534.00000,33.22
3535.00000,33.63
3536.00000,33.86
3537.00000,33.08
3538.00000,29.74
3539.00000,31.28
3540.00000,31.54
3541.00000,31.83
3542.00000,31.50
3543.00000,31.34
3544.00000,31.97
3545.00000,32.00
3546.00000,31.76
3566.00000,33.10
3601.00000,31.33
3629.00000,34.63
3638.00000,34.95
3639.00000,35.09
3640.00000,35.30
3641.00000,35.43
3642.00000,35.40
3643.00000,35.44
3644.00000,35.72
3645.00000,35.61
3646.00000,34.76
3647.00000,34.02
3648.00000,34.43
3649.00000,34.40
3650.00000,34.48
3651.00000,34.61
3652.00000,34.64
3653.00000,34.73
3654.00000,34.82
3655.00000,34.92
3656.00000,35.05
3657.00000,35.09
3658.00000,35.12
3659.00000,35.24
3660.00000,34.86
3661.00000,34.94
3662.00000,35.11
3663.00000,35.27
3664.00000,35.45
3665.00000,35.57
3666.00000,35.64
3667.00000,35.59
3668.00000,35.67
3669.00000,35.70
3670.00000,35.65
3671.00000,35.52
3672.00000,35.73
3673.00000,35.80
3674.00000,36.20
3675.00000,36.23
3676.00000,36.26
3677.00000,36.30
3678.00000,36.37
3679.00000,36.33
3680.00000,35.40
3681.00000,36.67
3682.00000,36.67
3683.00000,36.70
3684.00000,36.59
3685.00000,36.57
3686.00000,36.55
3687.00000,36.56
3688.00000,35.41
3689.00000,35.08
3690.00000,35.29
3691.00000,35.46
3692.00000,35.57
3693.00000,35.69
3694.00000,35.75
3695.00000,35.86
3696.00000,35.70
3697.00000,35.92
3698.00000,36.23
3699.00000,36.35
3700.00000,36.44
3701.00000,36.47
3702.00000,36.47
3703.00000,36.45
3704.00000,36.38
3705.00000,36.33
3706.00000,36.22
3707.00000,36.17
3708.00000,35.98
3709.00000,35.71
3710.00000,35.82
3711.00000,35.99
3712.00000,36.16
3713.00000,36.22
3714.00000,36.36
3715.00000,36.27
3716.00000,36.37
3717.00000,36.49
3718.00000,36.60
3719.00000,36.62
3720.00000,36.79
3721.00000,36.75
3722.00000,36.64
3723.00000,36.59
3724.00000,36.76
3725.00000,36.56
3726.00000,35.44
3727.00000,35.85
3728.00000,35.65
3729.00000,35.54
3730.00000,35.42
3731.00000,35.29
3732.00000,35.40
3733.00000,35.13
3734.00000,35.07
3735.00000,35.70
3736.00000,35.71
3737.00000,36.02
3738.00000,36.31
3739.00000,36.48
3740.00000,36.41
3741.00000,36.37
3742.00000,36.39
3743.00000,36.41
3744.00000,36.39
3745.00000,36.34
3746.00000,36.37
3747.00000,36.46
3748.00000,36.53
3749.00000,36.54
3750.00000,36.51
3751.00000,36.40
3752.00000,36.41
3753.00000,36.37
3754.00000,35.86
3755.00000,36.17
3756.00000,36.22
3757.00000,36.28
3758.00000,36.28
3759.00000,36.35
3760.00000,36.50
3761.00000,36.38
3762.00000,36.62
3763.00000,36.64
3764.00000,36.68
3765.00000,36.61
3766.00000,36.78
3767.00000,36.81
3768.00000,36.81
3769.00000,36.79
3770.00000,36.76
3771.00000,36.94
3772.00000,37.63
3773.00000,37.67
3774.00000,37.40
3775.00000,37.48
3776.00000,37.43
3777.00000,37.47
3778.00000,37.42
3779.00000,37.29
3780.00000,37.15
3781.00000,37.03
3782.00000,36.88
3783.00000,36.81
3784.00000,36.86
3785.00000,36.87
3786.00000,36.97
3787.00000,37.01
3788.00000,37.06
3789.00000,36.65
3790.00000,36.43
3791.00000,36.58
3792.00000,36.76
3793.00000,36.86
3794.00000,36.86
3795.00000,36.80
3796.00000,36.82
3797.00000,36.81
3798.00000,36.41
3799.00000,35.88
3800.00000,35.86
3801.00000,35.81
3802.00000,35.85
3803.00000,36.03
3804.00000,36.22
3805.00000,36.21
3806.00000,36.24
3807.00000,36.19
3808.00000,36.03
3809.00000,35.69
3810.00000,35.67
3811.00000,35.76
3812.00000,35.89
3813.00000,35.90
3814.00000,35.94
3815.00000,35.62
3816.00000,35.56
3817.00000,35.77
3818.00000,36.04
3819.00000,36.29
3820.00000,36.20
3821.00000,35.97
3822.00000,35.74
3823.00000,35.75
3824.00000,35.98
3825.00000,36.17
3826.00000,36.42
3827.00000,36.68
3828.00000,36.51
3829.00000,36.20
3830.00000,35.80
3831.00000,35.88
3832.00000,36.08
3833.00000,36.10
3834.00000,35.98
3835.00000,36.02
3836.00000,35.72
3837.00000,35.84
3838.00000,36.24
3839.00000,36.12
3840.00000,35.68
3841.00000,35.53
3842.00000,35.62
3843.00000,35.66
3844.00000,35.62
3845.00000,35.50
3846.00000,35.25
3847.00000,34.45
3848.00000,34.18
3849.00000,34.44
3850.00000,34.83
3851.00000,34.90
3852.00000,35.00
3853.00000,34.99
3854.00000,34.81
3855.00000,34.36
3856.00000,34.02
3857.00000,33.94
3858.00000,33.94
3859.00000,34.02
3860.00000,34.30
3861.00000,34.61
3862.00000,34.56
3863.00000,34.54
3864.00000,34.49
3865.00000,34.67
3866.00000,34.37
3867.00000,34.49
3868.00000,34.55
3869.00000,34.62
3870.00000,34.76
3871.00000,34.88
3872.00000,35.35
3873.00000,35.62
3874.00000,35.28
3875.00000,35.27
3876.00000,35.43
3877.00000,35.51
3878.00000,35.64
3879.00000,35.62
3880.00000,35.73
3881.00000,35.92
3882.00000,36.04
3883.00000,36.07
3884.00000,36.12
3885.00000,36.02
3886.00000,35.82
3887.00000,35.68
3888.00000,35.69
3889.00000,35.82
3890.00000,36.13
3891.00000,36.39
3892.00000,36.55
3893.00000,36.61
3894.00000,36.60
3895.00000,35.76
3896.00000,35.51
3897.00000,35.84
3898.00000,36.01
3899.00000,36.23
3900.00000,36.15
3901.00000,35.73
3902.00000,35.58
3903.00000,35.61
3904.00000,35.63
3905.00000,35.56
3906.00000,35.75
3907.00000,35.84
3908.00000,35.17
3909.00000,34.73
3910.00000,34.73
3911.00000,34.75
3912.00000,34.74
3913.00000,34.60
3914.00000,34.68
3915.00000,34.75
3916.00000,34.58
3917.00000,34.60
3918.00000,34.61
3919.00000,34.77
3920.00000,34.87
3921.00000,34.98
3922.00000,35.05
3923.00000,35.12
3924.00000,35.08
3925.00000,35.06
3926.00000,34.75
3927.00000,34.58
3928.00000,34.85
3929.00000,35.25
3930.00000,35.40
3931.00000,35.11
3932.00000,34.94
3933.00000,34.87
3934.00000,34.78
3935.00000,34.61
3936.00000,34.56
3937.00000,34.59
3938.00000,33.57
3939.00000,33.29
3940.00000,33.27
3941.00000,33.41
3942.00000,34.00
3943.00000,34.18
3944.00000,34.56
3945.00000,34.57
3946.00000,34.72
3947.00000,34.81
3948.00000,34.77
3949.00000,34.88
3950.00000,34.67
3951.00000,34.82
3952.00000,34.80
3953.00000,34.71
3954.00000,34.64
3955.00000,34.83
3956.00000,34.85
3957.00000,34.85
3958.00000,34.96
3959.00000,34.90
3960.00000,34.99
3961.00000,35.19
3962.00000,35.33
3963.00000,35.39
3964.00000,35.33
3965.00000,35.37
3966.00000,35.37
3967.00000,35.27
3968.00000,35.16
3969.00000,35.18
3970.00000,35.22
3971.00000,35.22
3972.00000,35.20
3973.00000,35.14
3974.00000,35.23
3975.00000,35.30
3976.00000,35.42
3977.00000,35.58
3978.00000,35.78
3979.00000,35.83
3980.00000,35.86
3981.00000,35.80
3982.00000,35.98
3983.00000,35.61
3984.00000,35.53
3985.00000,35.68
3986.00000,35.72
3987.00000,35.75
3988.00000,35.80
3989.00000,35.84
3990.00000,35.83
3991.00000,35.86
3992.00000,36.14
3993.00000,36.19
3994.00000,36.23
3995.00000,35.81
3996.00000,35.81
3997.00000,36.31
3998.00000,36.11
3999.00000,36.33
4000.00000,36.29
4001.00000,36.07
4002.00000,35.68
4003.00000,35.54
4004.00000,34.65
4005.00000,35.19
4006.00000,35.19
4007.00000,35.27
4008.00000,35.45
4009.00000,35.51
4010.00000,35.53
4011.00000,35.50
4012.00000,35.34
4013.00000,34.77
4014.00000,34.88
4015.00000,35.07
4016.00000,35.19
4017.00000,35.28
4018.00000,35.36
4019.00000,35.45
4020.00000,35.53
4021.00000,35.60
4022.00000,35.68
4023.00000,35.72
4024.00000,35.48
4025.00000,35.40
4026.00000,35.31
4027.00000,35.37
4028.00000,35.74
4029.00000,35.82
4030.00000,35.85
4031.00000,35.96
4032.00000,36.01
4033.00000,35.98
4034.00000,35.91
4035.00000,35.85
4036.00000,35.85
4037.00000,35.92
4038.00000,35.95
4039.00000,36.01
4040.00000,36.03
4041.00000,36.02
4042.00000,36.04
4043.00000,35.86
4044.00000,36.04
4045.00000,36.18
4046.00000,36.12
4047.00000,36.22
4048.00000,36.33
4049.00000,36.35
4050.00000,36.33
4051.00000,36.24
4052.00000,36.18
4053.00000,36.23
4054.00000,35.96
4055.00000,35.92
4056.00000,35.78
4057.00000,35.71
4058.00000,35.49
4059.00000,35.52
4060.00000,35.55
4061.00000,35.34
4062.00000,35.13
4063.00000,35.15
4064.00000,35.16
4065.00000,35.27
4066.00000,35.58
4067.00000,35.66
4068.00000,35.81
4069.00000,35.80
4070.00000,35.78
4071.00000,35.65
4072.00000,35.72
4073.00000,35.76
4074.00000,35.69
4075.00000,35.67
4076.00000,35.71
4077.00000,35.59
4078.00000,35.52
4079.00000,35.54
4080.00000,35.68
4081.00000,35.79
4082.00000,36.03
4083.00000,36.29
4084.00000,36.22
4085.00000,36.25
4086.00000,36.20
4087.00000,36.21
4088.00000,35.92
4089.00000,36.04
4090.00000,36.00
4091.00000,35.97
4092.00000,35.87
4093.00000,36.11
4094.00000,36.29
4106.00000,36.88
4107.00000,37.18
4108.00000,37.29
4109.00000,37.37
4110.00000,37.26
4111.00000,37.33
4112.00000,37.25
4113.00000,37.08
4114.00000,36.92
4115.00000,37.39
4116.00000,37.66
4117.00000,37.45
4118.00000,37.22
4119.00000,35.96
4120.00000,35.49
4121.00000,35.21
4122.00000,35.36
4123.00000,35.59
4124.00000,35.50
4125.00000,35.65
4126.00000,35.79
4127.00000,35.90
4128.00000,35.98
4129.00000,36.02
4130.00000,36.19
4131.00000,36.29
4132.00000,36.42
4133.00000,36.46
4134.00000,36.47
4135.00000,36.49
4136.00000,36.50
4137.00000,36.54
4138.00000,36.68
4139.00000,36.86
4140.00000,36.93
4141.00000,36.90
4142.00000,36.92
4143.00000,36.95
4144.00000,37.11
4145.00000,37.30
4146.00000,37.15
4147.00000,37.08
4148.00000,37.23
4149.00000,37.35
4150.00000,37.34
4151.00000,37.49
4152.00000,37.52
4153.00000,37.46
4154.00000,37.19
4155.00000,37.22
4156.00000,37.34
4157.00000,37.48
4158.00000,37.36
4159.00000,37.15
4160.00000,36.74
4161.00000,36.34
4162.00000,36.50
4163.00000,36.12
4164.00000,36.13
4165.00000,36.08
4166.00000,36.08
4167.00000,36.11
4168.00000,36.11
4169.00000,36.06
4170.00000,35.66
4171.00000,34.91
4172.00000,35.06
4173.00000,35.34
4174.00000,35.68
4175.00000,35.91
4176.00000,35.96
4177.00000,35.84
4178.00000,35.43
4179.00000,35.53
4180.00000,35.71
4181.00000,35.79
4182.00000,35.80
4183.00000,35.88
4184.00000,35.91
4185.00000,35.12
4186.00000,34.38
4187.00000,34.64
4188.00000,34.80
4189.00000,34.96
4190.00000,35.22
4191.00000,35.58
4192.00000,35.71
4193.00000,35.73
4194.00000,35.84
4195.00000,36.01
4196.00000,36.07
4197.00000,35.65
4198.00000,34.13
4199.00000,34.65
4200.00000,35.01
4201.00000,34.76
4202.00000,35.02
4203.00000,35.28
4204.00000,35.51
4205.00000,35.74
4206.00000,35.92
4207.00000,36.13
4208.00000,36.19
4209.00000,36.36
4210.00000,36.46
4211.00000,36.53
4212.00000,36.71
4213.00000,36.85
4214.00000,36.79
4215.00000,36.64
4216.00000,36.45
4217.00000,36.37
4218.00000,36.38
4219.00000,36.43
4220.00000,36.48
4221.00000,36.05
4222.00000,35.70
4223.00000,35.68
4224.00000,35.70
4225.00000,35.79
4226.00000,35.92
4227.00000,36.02
4228.00000,36.07
4229.00000,36.15
4230.00000,36.20
4231.00000,36.03
4232.00000,35.93
4233.00000,36.05
4234.00000,36.19
4235.00000,36.54
4236.00000,36.53
4237.00000,36.33
4238.00000,36.38
4239.00000,36.48
4240.00000,36.63
4241.00000,36.64
4242.00000,36.63
4243.00000,36.69
4244.00000,36.46
4245.00000,36.26
4246.00000,36.33
4247.00000,36.46
4248.00000,36.59
4249.00000,36.64
4250.00000,37.05
4251.00000,37.20
4252.00000,37.24
4253.00000,37.15
4254.00000,37.03
4255.00000,36.95
4256.00000,36.87
4257.00000,37.00
4258.00000,37.10
4259.00000,37.13
4260.00000,37.06
4261.00000,37.03
4262.00000,36.99
4263.00000,36.93
4264.00000,36.79
4265.00000,36.45
4266.00000,36.32
4267.00000,36.64
4268.00000,37.01
4269.00000,36.85
4270.00000,36.09
4271.00000,35.86
4272.00000,35.84
4273.00000,35.78
4274.00000,36.02
4275.00000,36.11
4276.00000,35.99
4277.00000,35.68
4278.00000,35.67
4279.00000,36.40
4280.00000,36.37
4281.00000,36.05
4282.00000,35.76
4283.00000,35.36
4284.00000,35.55
4285.00000,34.83
4286.00000,33.75
4287.00000,32.81
4288.00000,32.30
4289.00000,32.60
4290.00000,32.77
4291.00000,33.19
4292.00000,32.94
4293.00000,32.23
4294.00000,32.32
4295.00000,32.47
4296.00000,32.69
4297.00000,32.88
4298.00000,33.00
4299.00000,33.03
4300.00000,33.12
4301.00000,33.15
4302.00000,33.19
4303.00000,33.16
4304.00000,33.20
4305.00000,32.90
4306.00000,32.99
4307.00000,32.90
4308.00000,30.11
4309.00000,31.96
4310.00000,32.27
4311.00000,32.45
4312.00000,32.50
4313.00000,32.50
4314.00000,32.79
4315.00000,32.96
4316.00000,32.91
4317.00000,32.29
4318.00000,32.01
4319.00000,32.35
4320.00000,32.54
4321.00000,32.91
4322.00000,32.84
4323.00000,32.99
4324.00000,31.90
4325.00000,32.02
4326.00000,32.70
4327.00000,32.48
4328.00000,32.66
4329.00000,32.21
4330.00000,31.89
4331.00000,32.27
4332.00000,32.16
4333.00000,32.05
4334.00000,32.40
4335.00000,32.52
4336.00000,32.04
4337.00000,31.87
4338.00000,31.36
4339.00000,31.42
4340.00000,31.78
4341.00000,32.08
4342.00000,32.48
4343.00000,32.54
4344.00000,32.59
4345.00000,32.34
4346.00000,31.95
4347.00000,31.44
4348.00000,31.44
4349.00000,31.58
4350.00000,31.62
4351.00000,31.27
4352.00000,31.49
4353.00000,31.68
4354.00000,31.74
4355.00000,32.48
4356.00000,33.12
4357.00000,33.59
4358.00000,33.37
4359.00000,32.90
4360.00000,32.67
4361.00000,32.88
4362.00000,32.80
4363.00000,32.97
4364.00000,33.02
4365.00000,33.00
4366.00000,32.82
4367.00000,32.63
4368.00000,32.41
4369.00000,32.29
4370.00000,31.98
4371.00000,31.73
4372.00000,32.14
4373.00000,32.03
4392.00000,36.09
4420.00000,36.89
4448.00000,36.88
4483.00000,36.68
4488.00000,35.98
4489.00000,36.22
4490.00000,36.15
4491.00000,36.25
4492.00000,36.52
4493.00000,36.59
4494.00000,36.63
4495.00000,36.71
4496.00000,36.79
4497.00000,36.93
4498.00000,37.13
4499.00000,37.27
4500.00000,37.22
4501.00000,37.25
4502.00000,37.18
4503.00000,36.99
4504.00000,37.20
4505.00000,37.27
4506.00000,37.25
4507.00000,37.27
4508.00000,37.15
4509.00000,37.14
4510.00000,37.19
4511.00000,37.32
4512.00000,37.47
4513.00000,37.37
4514.00000,37.41
4515.00000,37.55
4516.00000,37.66
4517.00000,37.75
4518.00000,37.93
4519.00000,37.87
4520.00000,37.73
4521.00000,37.64
4522.00000,37.51
4523.00000,37.53
4524.00000,37.73
4525.00000,37.94
4526.00000,38.05
4527.00000,37.90
4528.00000,37.66
4529.00000,37.74
4530.00000,38.19
4531.00000,38.20
4532.00000,38.23
4533.00000,38.37
4534.00000,38.14
4535.00000,38.01
4536.00000,37.92
4537.00000,37.76
4538.00000,37.75
4539.00000,37.83
4540.00000,37.99
4541.00000,38.09
4542.00000,38.43
4543.00000,38.69
4544.00000,38.57
4545.00000,38.67
4546.00000,38.69
4547.00000,38.87
4548.00000,38.94
4549.00000,39.01
4550.00000,39.10
4551.00000,38.98
4552.00000,38.89
4553.00000,37.02
4554.00000,35.03
4555.00000,35.14
4556.00000,35.40
4557.00000,35.71
4558.00000,35.95
4559.00000,36.02
4560.00000,36.09
4561.00000,36.22
4562.00000,36.39
4563.00000,36.64
4564.00000,36.87
4565.00000,36.72
4566.00000,36.52
4567.00000,36.44
4568.00000,36.37
4569.00000,36.53
4570.00000,36.31
4571.00000,36.13
4572.00000,36.23
4573.00000,36.23
4574.00000,36.43
4575.00000,36.60
4576.00000,36.92
4577.00000,36.88
4578.00000,36.84
4579.00000,36.76
4580.00000,36.36
4581.00000,36.15
4582.00000,36.28
4583.00000,36.45
4584.00000,36.75
4585.00000,37.00
4586.00000,37.24
4587.00000,37.38
4588.00000,37.45
4589.00000,37.55
4590.00000,37.46
4591.00000,37.14
4592.00000,37.11
4593.00000,37.33
4594.00000,36.79
4600.00000,36.82
4601.00000,37.45
4602.00000,37.81
4603.00000,37.56
4604.00000,37.56
4605.00000,37.40
4606.00000,36.92
4607.00000,36.71
4608.00000,36.87
4609.00000,36.88
4610.00000,36.97
4611.00000,36.90
4612.00000,37.10
4613.00000,37.15
4614.00000,36.43
4615.00000,36.33
4616.00000,36.33
4617.00000,36.67
4618.00000,36.82
4619.00000,36.68
4620.00000,36.71
4621.00000,36.76
4622.00000,36.77
4623.00000,36.74
4624.00000,36.71
4625.00000,36.40
4626.00000,36.26
4627.00000,35.54
4628.00000,35.37
4629.00000,35.71
4630.00000,35.81
4631.00000,35.94
4632.00000,34.46
4633.00000,33.00
4634.00000,34.05
4635.00000,34.95
4636.00000,35.43
4637.00000,35.59
4638.00000,35.16
4639.00000,35.21
4640.00000,35.29
4649.00000,36.91
4650.00000,37.05
4651.00000,37.18
4652.00000,37.06
4653.00000,36.94
4654.00000,36.88
4655.00000,36.77
4656.00000,36.47
4657.00000,36.47
4658.00000,35.93
4659.00000,35.27
4660.00000,35.25
4661.00000,34.79
4662.00000,34.32
4663.00000,34.57
4664.00000,34.94
4665.00000,35.02
4666.00000,35.13
4667.00000,35.13
4668.00000,34.99
4669.00000,35.03
4670.00000,35.33
4671.00000,35.13
4672.00000,34.42
4673.00000,35.25
4674.00000,34.95
4675.00000,34.78
4676.00000,33.86
4677.00000,33.20
4678.00000,33.34
4679.00000,33.56
4680.00000,33.60
4681.00000,33.54
4682.00000,33.44
4683.00000,33.59
4684.00000,33.49
4685.00000,33.67
4686.00000,34.20
4687.00000,34.43
4688.00000,34.53
4689.00000,34.15
4690.00000,33.65
4691.00000,32.23
4692.00000,30.16
4693.00000,29.70
4694.00000,31.54
4695.00000,32.46
4696.00000,32.66
4697.00000,32.80
4698.00000,33.30
4699.00000,34.24
4700.00000,34.38
4701.00000,34.24
4702.00000,34.35
4703.00000,34.25
4704.00000,34.24
4705.00000,34.40
4706.00000,34.88
4707.00000,35.25
4708.00000,35.14
4709.00000,34.61
4710.00000,34.44
4711.00000,34.94
4712.00000,35.20
4713.00000,35.06
4714.00000,34.13
4715.00000,33.44
4716.00000,33.08
4717.00000,33.67
4718.00000,34.49
4719.00000,34.45
4720.00000,34.13
4721.00000,33.89
4722.00000,33.97
4723.00000,33.80
4724.00000,33.65
4725.00000,33.21
4726.00000,33.23
4727.00000,33.63
4728.00000,34.31
4729.00000,35.02
4730.00000,34.72
4731.00000,34.63
4732.00000,34.69
4733.00000,34.98
4734.00000,35.18
4735.00000,35.36
4736.00000,35.70
4737.00000,35.61
4738.00000,35.66
4739.00000,35.73
4740.00000,35.75
4741.00000,35.58
4742.00000,36.06
4743.00000,36.02
4744.00000,36.11
4745.00000,36.20
4746.00000,36.32
4747.00000,36.41
4748.00000,35.78
4749.00000,35.94
4750.00000,36.00
4751.00000,36.39
4752.00000,36.42
4753.00000,36.42
4754.00000,36.31
4755.00000,36.11
4756.00000,36.10
4757.00000,36.15
4758.00000,36.20
4759.00000,36.21
4760.00000,36.48
4761.00000,36.42
4762.00000,36.42
4763.00000,36.50
4764.00000,36.69
4765.00000,36.83
4766.00000,36.80
4767.00000,36.66
4768.00000,36.64
4769.00000,36.60
4770.00000,36.72
4771.00000,36.81
4772.00000,36.50
4773.00000,36.35
4774.00000,36.38
4775.00000,36.50
4776.00000,36.72
4777.00000,36.67
4778.00000,36.59
4779.00000,36.51
4780.00000,36.97
4781.00000,37.09
4782.00000,36.86
4783.00000,36.63
4784.00000,36.78
4785.00000,37.09
4786.00000,37.14
4787.00000,37.10
4788.00000,36.97
4789.00000,36.81
4790.00000,36.67
4791.00000,36.56
4792.00000,36.44
4793.00000,36.37
4794.00000,36.36
4795.00000,36.40
4796.00000,36.51
4797.00000,36.95
4798.00000,36.99
4799.00000,36.51
4800.00000,36.81
4801.00000,37.10
4802.00000,37.21
4803.00000,37.19
4804.00000,36.98
4805.00000,36.84
4806.00000,36.93
4807.00000,36.90
4808.00000,37.01
4809.00000,36.84
4810.00000,36.86
4811.00000,36.92
4812.00000,37.08
4813.00000,37.06
4814.00000,36.96
4815.00000,36.82
4816.00000,36.74
4817.00000,36.94
4818.00000,36.94
4819.00000,37.06
4820.00000,37.09
4821.00000,37.15
4822.00000,37.22
4823.00000,37.13
4824.00000,37.18
4825.00000,37.09
4826.00000,36.67
4827.00000,36.47
4828.00000,36.33
4829.00000,36.25
4830.00000,36.13
4831.00000,35.86
4832.00000,35.95
4833.00000,36.08
4834.00000,36.24
4835.00000,36.10
4836.00000,36.20
4837.00000,36.22
4838.00000,36.22
4839.00000,36.33
4840.00000,36.32
4841.00000,36.36
4842.00000,36.32
4843.00000,36.23
4844.00000,36.31
4845.00000,36.31
4846.00000,36.34
4847.00000,36.51
4848.00000,36.57
4849.00000,36.82
4850.00000,36.84
4851.00000,36.90
4852.00000,37.05
4853.00000,36.97
4854.00000,36.90
4855.00000,36.99
4856.00000,37.25
4857.00000,37.81
4858.00000,37.86
4859.00000,37.64
4860.00000,37.35
4861.00000,37.26
4862.00000,37.43
4863.00000,37.72
4864.00000,38.15
4865.00000,38.08
4866.00000,38.04
4867.00000,38.23
4868.00000,38.18
4869.00000,37.78
4870.00000,37.31
4871.00000,37.09
4872.00000,37.18
4873.00000,37.44
4874.00000,37.57
4875.00000,37.67
4876.00000,37.62
4877.00000,37.55
4878.00000,37.57
4879.00000,37.62
4880.00000,37.52
4881.00000,37.46
4882.00000,37.42
4883.00000,37.40
4884.00000,37.17
4885.00000,36.86
4886.00000,36.82
4887.00000,36.57
4888.00000,35.48
4889.00000,35.00
4890.00000,35.23
4891.00000,35.58
4892.00000,35.73
4893.00000,35.86
4894.00000,36.01
4895.00000,36.11
4896.00000,36.15
4897.00000,36.14
4898.00000,36.08
4899.00000,35.89
4900.00000,35.64
4901.00000,34.56
4902.00000,34.47
4903.00000,34.87
4904.00000,35.44
4905.00000,35.70
4906.00000,35.76
4907.00000,35.23
4908.00000,35.31
4909.00000,35.16
4910.00000,35.35
4911.00000,35.45
4912.00000,35.57
4913.00000,35.70
4914.00000,35.87
4915.00000,35.84
4916.00000,35.92
4917.00000,35.99
4918.00000,36.02
4919.00000,36.04
4920.00000,36.09
4921.00000,36.18
4922.00000,36.28
4923.00000,35.97
4924.00000,35.75
4925.00000,35.85
4926.00000,35.89
4927.00000,35.87
4928.00000,35.70
4929.00000,35.39
4930.00000,35.45
4931.00000,35.38
4932.00000,35.37
4933.00000,35.43
4934.00000,35.46
4935.00000,35.55
4936.00000,35.76
4937.00000,35.87
4938.00000,35.92
4939.00000,36.03
4940.00000,36.09
4941.00000,36.23
4942.00000,36.31
4943.00000,36.40
4944.00000,36.49
4945.00000,36.61
4946.00000,36.67
4947.00000,36.70
4948.00000,36.76
4949.00000,36.79
4950.00000,36.84
4951.00000,37.01
4952.00000,37.25
4953.00000,37.35
4954.00000,37.40
4955.00000,37.22
4956.00000,37.09
4957.00000,37.05
4958.00000,37.06
4959.00000,36.99
4960.00000,36.94
4961.00000,37.05
4962.00000,37.20
4963.00000,37.03
4964.00000,36.83
4965.00000,36.81
4966.00000,36.88
4967.00000,36.88
4968.00000,36.94
4969.00000,36.80
4970.00000,37.16
4971.00000,37.31
4972.00000,37.28
4973.00000,37.33
4974.00000,37.29
4975.00000,37.20
4976.00000,36.73
4977.00000,35.89
4978.00000,36.14
4979.00000,36.37
4980.00000,36.32
4981.00000,36.24
4982.00000,36.33
4983.00000,36.50
4984.00000,36.61
4985.00000,36.63
4986.00000,36.58
4987.00000,36.62
4988.00000,36.45
4989.00000,36.27
4990.00000,36.12
4991.00000,36.03
4992.00000,36.14
4993.00000,36.25
4994.00000,36.13
4995.00000,36.05
4996.00000,35.93
4997.00000,35.45
4998.00000,35.20
4999.00000,35.27
5000.00000,35.32
5001.00000,35.25
5002.00000,35.24
5003.00000,35.38
5004.00000,35.48
5005.00000,35.48
5006.00000,35.38
5007.00000,35.39
5008.00000,35.51
5009.00000,35.65
5010.00000,35.80
5011.00000,35.84
5012.00000,35.69
5013.00000,35.72
5014.00000,35.72
5015.00000,35.72
5016.00000,35.79
5017.00000,36.03
5018.00000,36.06
5019.00000,36.06
5020.00000,35.95
5021.00000,35.86
5022.00000,35.74
5023.00000,35.61
5024.00000,35.55
5025.00000,35.54
5026.00000,35.54
5027.00000,35.56
5028.00000,35.60
5029.00000,35.61
5030.00000,35.68
5031.00000,35.86
5032.00000,35.96
5033.00000,36.02
5034.00000,36.12
5035.00000,36.12
5036.00000,36.05
5037.00000,35.92
5038.00000,35.97
5039.00000,35.92
5040.00000,35.91
5041.00000,36.37
5042.00000,36.38
5043.00000,36.25
5044.00000,36.08
5045.00000,36.05
5046.00000,35.95
5047.00000,35.03
5048.00000,35.08
5049.00000,35.29
5050.00000,35.44
5051.00000,35.35
5052.00000,35.63
5053.00000,35.80
5054.00000,35.83
5055.00000,35.86
5056.00000,35.94
5057.00000,35.86
5058.00000,36.01
5059.00000,36.06
5060.00000,35.80
5061.00000,35.55
5062.00000,35.58
5063.00000,35.68
5064.00000,35.72
5065.00000,35.70
5066.00000,35.73
5067.00000,35.77
5068.00000,35.80
5069.00000,35.85
5070.00000,35.86
5071.00000,35.80
5072.00000,35.74
5073.00000,35.62
5074.00000,35.87
5075.00000,36.01
5076.00000,36.13
5077.00000,36.26
5078.00000,35.75
5079.00000,35.09
5080.00000,34.68
5081.00000,35.29
5082.00000,35.23
5083.00000,34.40
5084.00000,33.76
5085.00000,34.21
5086.00000,34.81
5087.00000,35.03
5088.00000,35.22
5089.00000,35.13
5090.00000,35.22
5091.00000,35.32
5092.00000,35.39
5093.00000,35.55
5094.00000,35.46
5095.00000,34.87
5096.00000,34.78
5097.00000,34.95
5098.00000,35.07
5099.00000,35.03
5100.00000,35.11
5101.00000,35.12
5102.00000,34.79
5103.00000,34.79
5104.00000,34.68
5105.00000,34.80
5106.00000,35.05
5107.00000,35.24
5108.00000,35.14
5109.00000,34.95
5110.00000,34.76
5111.00000,33.90
5112.00000,33.97
5113.00000,34.60
5114.00000,34.39
5115.00000,33.96
5116.00000,33.97
5117.00000,34.41
5118.00000,34.68
5119.00000,34.81
5120.00000,35.10
5121.00000,35.21
5122.00000,34.80
5123.00000,34.15
5124.00000,34.88
5125.00000,35.43
5126.00000,35.60
5127.00000,35.59
5128.00000,35.52
5129.00000,35.55
5130.00000,35.69
5131.00000,35.69
5132.00000,35.28
5133.00000,35.18
5134.00000,35.18
5135.00000,35.72
5136.00000,36.31
5137.00000,36.44
5138.00000,36.62
5139.00000,36.36
5140.00000,36.09
5141.00000,35.82
5142.00000,35.42
5143.00000,35.31
5144.00000,34.95
5145.00000,34.56
5146.00000,33.83
5147.00000,33.13
5148.00000,33.88
5149.00000,34.46
5150.00000,34.70
5151.00000,34.79
5152.00000,34.86
5153.00000,34.94
5154.00000,34.95
5155.00000,34.78
5156.00000,34.88
5157.00000,35.02
5158.00000,34.84
5159.00000,34.86
5160.00000,34.93
5161.00000,34.21
5162.00000,34.38
5163.00000,34.51
5164.00000,34.59
5165.00000,34.55
5166.00000,34.56
5167.00000,34.72
5168.00000,34.80
5169.00000,34.73
5170.00000,34.62
5171.00000,34.74
5172.00000,34.78
5173.00000,34.68
5174.00000,34.77
5175.00000,34.56
5176.00000,34.38
5177.00000,34.32
5178.00000,34.30
5179.00000,34.53
5180.00000,35.13
5181.00000,35.19
5182.00000,34.98
5183.00000,35.14
5184.00000,35.33
5185.00000,35.27
5186.00000,35.20
5187.00000,35.29
5188.00000,35.32
5189.00000,35.31
5190.00000,35.33
5191.00000,35.29
5192.00000,35.37
5193.00000,35.43
5194.00000,35.47
5195.00000,35.45
5196.00000,35.52
5197.00000,35.57
5198.00000,35.68
5199.00000,35.68
5200.00000,35.70
5201.00000,35.85
5202.00000,35.66
5203.00000,35.59
5204.00000,35.74
5205.00000,35.87
5206.00000,35.48
5207.00000,36.28
5208.00000,36.48
5209.00000,36.64
5210.00000,36.77
5211.00000,36.72
5212.00000,36.84
5213.00000,36.81
5214.00000,36.83
5215.00000,36.95
5216.00000,36.36
5217.00000,35.87
5218.00000,35.54
5219.00000,35.84
5220.00000,36.19
5221.00000,36.31
5222.00000,36.24
5223.00000,36.13
5224.00000,36.28
5225.00000,36.26
5226.00000,36.21
5227.00000,36.20
5228.00000,36.33
5229.00000,36.23
5230.00000,35.78
5231.00000,35.24
5232.00000,35.39
5233.00000,35.58
5234.00000,35.87
5235.00000,36.16
5236.00000,36.37
5237.00000,36.49
5238.00000,36.61
5239.00000,36.42
5240.00000,36.38
5241.00000,36.44
5242.00000,36.62
5243.00000,36.61
5244.00000,36.59
5245.00000,36.74
5246.00000,36.48
5247.00000,36.44
5248.00000,36.36
5249.00000,36.24
5250.00000,35.89
5251.00000,35.33
5252.00000,35.96
5253.00000,36.23
5254.00000,35.77
5255.00000,35.78
5256.00000,35.76
5257.00000,35.67
5258.00000,35.36
5259.00000,35.08
5260.00000,34.57
5261.00000,34.14
5262.00000,33.82
5263.00000,33.69
5264.00000,33.62
5265.00000,33.43
5266.00000,33.15
5267.00000,32.93
5268.00000,32.58
5269.00000,32.23
5270.00000,31.79
5271.00000,34.93
5272.00000,36.30
5273.00000,36.09
5274.00000,34.63
5275.00000,34.97
5276.00000,35.21
5277.00000,35.49
5278.00000,35.55
5279.00000,35.65
5280.00000,35.99
5281.00000,36.37
5282.00000,36.73
5283.00000,36.82
5284.00000,36.86
5285.00000,37.07
5286.00000,37.07
5287.00000,36.99
5288.00000,37.30
5289.00000,37.52
5290.00000,37.56
5291.00000,37.42
5292.00000,37.07
5293.00000,37.05
5294.00000,36.73
5295.00000,36.60
5296.00000,36.71
5297.00000,36.90
5298.00000,36.35
5299.00000,35.99
5300.00000,35.98
5301.00000,35.98
5302.00000,36.11
5303.00000,36.43
5304.00000,36.53
5305.00000,36.49
5306.00000,36.37
5307.00000,36.47
5308.00000,36.46
5309.00000,36.73
5310.00000,36.85
5311.00000,36.60
5312.00000,36.46
5313.00000,36.82
5314.00000,37.18
5315.00000,37.11
5316.00000,36.97
5317.00000,37.42
5318.00000,37.01
5319.00000,37.23
5320.00000,36.99
5321.00000,36.79
5322.00000,36.93
5323.00000,37.20
5324.00000,37.34
5325.00000,37.39
5326.00000,37.50
5327.00000,37.43
5328.00000,37.26
5329.00000,37.11
5330.00000,37.03
5331.00000,36.99
5332.00000,37.02
5333.00000,37.01
5334.00000,36.78
5335.00000,35.68
5336.00000,35.11
5337.00000,35.21
5338.00000,35.67
5339.00000,35.95
5340.00000,36.10
5341.00000,35.98
5342.00000,35.90
5343.00000,35.84
5344.00000,36.00
5345.00000,36.14
5346.00000,36.26
5372.00000,33.87
5393.00000,27.92
5407.00000,32.41
5408.00000,31.91
5409.00000,32.34
5410.00000,33.60
5411.00000,34.04
5412.00000,34.38
5413.00000,34.56
5414.00000,34.60
5415.00000,34.33
5416.00000,33.91
5417.00000,33.33
5418.00000,33.35
5419.00000,33.45
5420.00000,33.65
5421.00000,33.47
5422.00000,33.39
5423.00000,33.42
5424.00000,33.43
5425.00000,34.26
5426.00000,35.00
5427.00000,34.44
5428.00000,31.62
5429.00000,30.52
5430.00000,32.07
5431.00000,33.68
5432.00000,34.38
5433.00000,34.61
5434.00000,35.02
5435.00000,34.60
5436.00000,34.11
5437.00000,34.36
5438.00000,34.86
5439.00000,35.12
5440.00000,35.28
5441.00000,35.64
5442.00000,35.71
5443.00000,35.97
5444.00000,36.13
5445.00000,35.94
5446.00000,35.46
5447.00000,35.61
5448.00000,35.77
5449.00000,35.86
5450.00000,35.86
5451.00000,36.08
5452.00000,36.19
5453.00000,36.21
5454.00000,36.12
5455.00000,36.47
5456.00000,36.56
5457.00000,36.48
5458.00000,37.04
5459.00000,36.13
5460.00000,35.21
5461.00000,35.08
5462.00000,34.86
5463.00000,35.82
5464.00000,36.13
5465.00000,35.89
5466.00000,35.56
5467.00000,35.31
5468.00000,35.37
5469.00000,35.26
5470.00000,35.08
5471.00000,35.11
5472.00000,35.35
5473.00000,35.61
5474.00000,35.44
5475.00000,35.62
5476.00000,36.13
5477.00000,36.44
5478.00000,36.36
5479.00000,36.37
5480.00000,36.49
5481.00000,36.44
5482.00000,36.05
5483.00000,35.61
5484.00000,35.56
5485.00000,35.81
5486.00000,36.01
5487.00000,36.20
5488.00000,36.09
5489.00000,35.97
5490.00000,35.77
5491.00000,35.75
5492.00000,36.26
5493.00000,36.52
5494.00000,36.61
5495.00000,36.65
5496.00000,36.03
5497.00000,34.86
5498.00000,34.99
5499.00000,35.02
5500.00000,35.03
5501.00000,35.11
5502.00000,35.20
5503.00000,35.32
5504.00000,35.38
5505.00000,35.24
5506.00000,35.38
5507.00000,35.53
5508.00000,35.55
5509.00000,35.53
5510.00000,35.47
5511.00000,35.15
5512.00000,35.40
5513.00000,35.42
5514.00000,35.38
5515.00000,35.48
5516.00000,35.45
5517.00000,35.34
5518.00000,35.50
5519.00000,35.67
5520.00000,35.91
5521.00000,35.95
5522.00000,35.91
5523.00000,35.92
5524.00000,36.14
5525.00000,36.23
5526.00000,36.31
5527.00000,36.37
5528.00000,36.58
5529.00000,36.65
5530.00000,36.66
5531.00000,36.65
5532.00000,36.61
5533.00000,36.64
5534.00000,36.69
5535.00000,36.71
5536.00000,36.74
5537.00000,36.80
5538.00000,36.83
5539.00000,36.90
5540.00000,35.74
5541.00000,36.20
5542.00000,36.91
5543.00000,37.09
5544.00000,37.03
5545.00000,37.05
5546.00000,37.18
5547.00000,37.23
5548.00000,36.97
5549.00000,37.13
5550.00000,37.32
5551.00000,37.15
5552.00000,37.31
5553.00000,37.53
5554.00000,37.73
5555.00000,37.48
5556.00000,37.58
5557.00000,37.61
5558.00000,37.99
5559.00000,38.05
5560.00000,37.92
5561.00000,37.79
5562.00000,37.25
5563.00000,37.19
5564.00000,37.07
5565.00000,36.79
5566.00000,36.71
5567.00000,35.91
5568.00000,35.94
5569.00000,36.01
5570.00000,35.99
5571.00000,35.98
5572.00000,36.39
5573.00000,36.50
5574.00000,36.47
5575.00000,36.83
5576.00000,37.09
5577.00000,37.05
5578.00000,37.65
5579.00000,36.87
5580.00000,36.48
5581.00000,36.55
5582.00000,36.64
5583.00000,36.71
5584.00000,36.83
5585.00000,36.87
5586.00000,36.92
5587.00000,37.03
5588.00000,37.15
5589.00000,37.36
5590.00000,37.63
5591.00000,37.91
5592.00000,37.95
5593.00000,37.91
5594.00000,37.82
5595.00000,37.47
5596.00000,37.06
5597.00000,36.89
5598.00000,36.91
5599.00000,37.08
5600.00000,37.26
5601.00000,37.55
5602.00000,37.50
5603.00000,37.16
5604.00000,37.19
5605.00000,37.02
5606.00000,37.37
5607.00000,37.37
5608.00000,37.20
5609.00000,37.35
5610.00000,37.45
5611.00000,37.59
5612.00000,37.65
5613.00000,38.47
5614.00000,37.60
5615.00000,37.43
5616.00000,37.34
5617.00000,37.61
5618.00000,37.94
5619.00000,37.69
5620.00000,37.77
5621.00000,37.62
5622.00000,37.89
5623.00000,38.43
5624.00000,38.37
5625.00000,38.07
5626.00000,37.71
5627.00000,37.83
5628.00000,38.09
5629.00000,38.27
5630.00000,38.53
5631.00000,38.31
5632.00000,38.01
5633.00000,37.77
5634.00000,37.96
5635.00000,37.95
5636.00000,37.80
5637.00000,38.15
5638.00000,38.40
5639.00000,38.04
5640.00000,38.13
5641.00000,37.82
5642.00000,38.62
5643.00000,38.29
5644.00000,38.40
5645.00000,37.97
5646.00000,37.22
5647.00000,37.42
5648.00000,37.19
5649.00000,37.13
5650.00000,37.06
5651.00000,37.17
5652.00000,36.99
5653.00000,36.25
5654.00000,36.51
5655.00000,36.40
5656.00000,36.43
5657.00000,36.40
5658.00000,36.07
5659.00000,36.00
5660.00000,35.84
5661.00000,35.61
5662.00000,35.97
5663.00000,35.76
5664.00000,36.70
5665.00000,36.99
5666.00000,37.00
5667.00000,35.45
5668.00000,34.59
5669.00000,34.90
5670.00000,35.36
5671.00000,35.51
5672.00000,35.63
5673.00000,35.91
5674.00000,35.85
5675.00000,36.58
5676.00000,38.09
5677.00000,38.16
5678.00000,37.88
5679.00000,38.08
5680.00000,38.24
5681.00000,38.35
5682.00000,38.08
5683.00000,38.59
5684.00000,39.08
5685.00000,39.34
5686.00000,39.55
5687.00000,39.59
5688.00000,39.57
5689.00000,39.72
5690.00000,39.76
5691.00000,39.89
5692.00000,40.03
5693.00000,40.12
5694.00000,40.23
5695.00000,40.38
5696.00000,40.64
5697.00000,40.73
5698.00000,40.58
5699.00000,40.54
5700.00000,40.53
5701.00000,40.45
5702.00000,40.27
5703.00000,40.49
5704.00000,40.79
5705.00000,40.94
5706.00000,40.92
5707.00000,40.93
5708.00000,41.03
5709.00000,41.19
5710.00000,41.12
5711.00000,40.96
5712.00000,40.90
5713.00000,40.89
5714.00000,40.30
5715.00000,40.26
5716.00000,41.13
5717.00000,41.17
5718.00000,41.06
5719.00000,39.97
5720.00000,41.15
5721.00000,40.53
5722.00000,37.24
5723.00000,35.78
5724.00000,35.64
5725.00000,35.47
5726.00000,35.35
5727.00000,35.39
5728.00000,35.47
5729.00000,35.59
5730.00000,35.71
5731.00000,35.69
5732.00000,35.66
5733.00000,35.67
5734.00000,35.66
5735.00000,35.56
5736.00000,35.38
5737.00000,35.49
5738.00000,35.54
5739.00000,35.78
5740.00000,35.87
5741.00000,35.93
5742.00000,35.98
5743.00000,35.97
5744.00000,35.68
5745.00000,35.65
5746.00000,35.74
5747.00000,35.63
5748.00000,34.92
5749.00000,35.04
5750.00000,35.24
5751.00000,35.39
5752.00000,35.40
5753.00000,35.38
5754.00000,35.51
5755.00000,35.71
5756.00000,35.95
5757.00000,35.92
5758.00000,35.87
5759.00000,35.72
5760.00000,35.34
5761.00000,34.70
5762.00000,33.74
5763.00000,33.84
5764.00000,33.88
5765.00000,34.15
5766.00000,34.16
5767.00000,34.24
5768.00000,33.81
5769.00000,33.09
5770.00000,33.12
5771.00000,33.17
5772.00000,32.90
5773.00000,33.04
5774.00000,33.25
5775.00000,33.17
5776.00000,32.53
5777.00000,33.03
5778.00000,33.40
5779.00000,33.45
5780.00000,33.49
5781.00000,33.28
5782.00000,32.70
5783.00000,32.25
5784.00000,32.37
5785.00000,32.66
5786.00000,32.63
5787.00000,29.55
5788.00000,27.81
5789.00000,30.18
5790.00000,32.20
5791.00000,32.14
5792.00000,32.77
5793.00000,31.92
5794.00000,30.30
5795.00000,32.22
5796.00000,32.98
5797.00000,33.46
5798.00000,33.32
5799.00000,33.21
5820.00000,33.07
5855.00000,34.76
