-1.00000,35.0
0.00000,35.0
1.00000,35.0
2.00000,35.0
3.00000,35.0
4.00000,35.0
5.00000,35.0
10.00000,35.0
18.00000,35.0
19.00000,35.0
20.00000,35.0
21.00000,35.0
22.00000,35.0
23.00000,35.0
24.00000,35.0
25.00000,35.0
26.00000,35.0
27.00000,35.0
28.00000,35.0
29.00000,35.0
30.00000,35.0
31.00000,35.0
32.00000,35.0
33.00000,35.0
34.00000,35.0
35.00000,35.0
36.00000,35.0
37.00000,35.0
38.00000,35.0
39.00000,35.0
40.00000,35.0
41.00000,35.0
42.00000,35.0
43.00000,35.0
44.00000,35.0
45.00000,35.0
46.00000,35.0
47.00000,35.0
48.00000,35.0
49.00000,35.0
50.00000,35.0
51.00000,35.0
52.00000,35.0
53.00000,35.0
54.00000,35.0
55.00000,35.0
56.00000,35.0
57.00000,35.0
58.00000,35.0
59.00000,35.0
60.00000,35.0
61.00000,35.0
62.00000,35.0
63.00000,35.0
64.00000,35.0
65.00000,35.0
66.00000,35.0
67.00000,35.0
68.00000,35.0
69.00000,35.0
70.00000,35.0
71.00000,35.0
72.00000,35.0
73.00000,35.0
74.00000,35.0
75.00000,35.0
76.00000,35.0
77.00000,35.0
78.00000,35.0
79.00000,35.0
80.00000,35.0
81.00000,35.0
82.00000,35.0
83.00000,35.0
84.00000,35.0
85.00000,35.0
86.00000,35.0
87.00000,35.0
88.00000,35.0
89.00000,35.0
90.00000,35.0
91.00000,35.0
92.00000,35.0
93.00000,35.0
94.00000,35.0
95.00000,35.0
96.00000,35.0
97.00000,35.0
98.00000,35.0
99.00000,35.0
100.00000,35.0
101.00000,35.0
102.00000,35.0
103.00000,35.0
104.00000,35.0
105.00000,35.0
106.00000,35.0
107.00000,35.0
108.00000,35.0
109.00000,35.0
110.00000,35.0
111.00000,35.0
112.00000,35.0
113.00000,35.0
114.00000,35.0
115.00000,35.0
116.00000,35.0
117.00000,35.0
118.00000,35.0
119.00000,35.0
120.00000,35.0
121.00000,35.0
122.00000,35.0
123.00000,35.0
124.00000,35.0
125.00000,35.0
126.00000,35.0
127.00000,35.0
128.00000,35.0
129.00000,35.0
130.00000,35.0
131.00000,35.0
132.00000,35.0
133.00000,35.0
134.00000,35.0
135.00000,35.0
136.00000,35.0
137.00000,35.0
138.00000,35.0
139.00000,35.0
140.00000,35.0
141.00000,35.0
142.00000,35.0
143.00000,35.0
144.00000,35.0
145.00000,35.0
146.00000,35.0
147.00000,35.0
148.00000,35.0
149.00000,35.0
150.00000,35.0
151.00000,35.0
152.00000,35.0
153.00000,35.0
154.00000,35.0
155.00000,35.0
156.00000,35.0
157.00000,35.0
158.00000,35.0
159.00000,35.0
160.00000,35.0
161.00000,35.0
162.00000,35.0
163.00000,35.0
164.00000,35.0
165.00000,35.0
166.00000,35.0
167.00000,35.0
168.00000,35.0
169.00000,35.0
170.00000,35.0
171.00000,35.0
172.00000,35.0
173.00000,35.0
174.00000,35.0
175.00000,35.0
176.00000,35.0
177.00000,35.0
178.00000,35.0
179.00000,35.0
180.00000,35.0
181.00000,35.0
182.00000,35.0
183.00000,35.0
184.00000,35.0
185.00000,35.0
186.00000,35.0
187.00000,35.0
188.00000,35.0
189.00000,35.0
190.00000,35.0
191.00000,35.0
192.00000,35.0
193.00000,35.0
194.00000,35.0
195.00000,35.0
196.00000,35.0
197.00000,35.0
198.00000,35.0
199.00000,35.0
200.00000,35.0
201.00000,35.0
202.00000,35.0
203.00000,35.0
204.00000,35.0
205.00000,35.0
206.00000,35.0
207.00000,35.0
208.00000,35.0
209.00000,35.0
210.00000,35.0
211.00000,35.0
212.00000,35.0
213.00000,35.0
214.00000,35.0
215.00000,35.0
216.00000,35.0
217.00000,35.0
218.00000,35.0
219.00000,35.0
220.00000,35.0
221.00000,35.0
222.00000,35.0
223.00000,35.0
224.00000,35.0
225.00000,35.0
226.00000,35.0
227.00000,35.0
228.00000,35.0
229.00000,35.0
230.00000,35.0
231.00000,35.0
232.00000,35.0
233.00000,35.0
234.00000,35.0
235.00000,35.0
236.00000,35.0
237.00000,35.0
238.00000,35.0
239.00000,35.0
240.00000,35.0
241.00000,35.0
242.00000,35.0
243.00000,35.0
244.00000,35.0
245.00000,35.0
246.00000,35.0
247.00000,35.0
248.00000,35.0
249.00000,35.0
250.00000,35.0
251.00000,35.0
252.00000,35.0
253.00000,35.0
254.00000,35.0
255.00000,35.0
256.00000,35.0
257.00000,35.0
258.00000,35.0
259.00000,35.0
260.00000,35.0
261.00000,35.0
262.00000,35.0
263.00000,35.0
264.00000,35.0
265.00000,35.0
266.00000,35.0
267.00000,35.0
268.00000,35.0
269.00000,35.0
270.00000,35.0
271.00000,35.0
272.00000,35.0
273.00000,35.0
274.00000,35.0
275.00000,35.0
276.00000,35.0
277.00000,35.0
278.00000,35.0
279.00000,35.0
280.00000,35.0
281.00000,35.0
282.00000,35.0
283.00000,35.0
284.00000,35.0
285.00000,35.0
286.00000,35.0
287.00000,35.0
288.00000,35.0
289.00000,35.0
290.00000,35.0
291.00000,35.0
292.00000,35.0
293.00000,35.0
294.00000,35.0
295.00000,35.0
296.00000,35.0
297.00000,35.0
298.00000,35.0
299.00000,35.0
300.00000,35.0
301.00000,35.0
302.00000,35.0
303.00000,35.0
304.00000,35.0
305.00000,35.0
306.00000,35.0
307.00000,35.0
308.00000,35.0
309.00000,35.0
310.00000,35.0
311.00000,35.0
312.00000,35.0
313.00000,35.0
314.00000,35.0
315.00000,35.0
316.00000,35.0
317.00000,35.0
318.00000,35.0
319.00000,35.0
320.00000,35.0
321.00000,35.0
322.00000,35.0
323.00000,35.0
324.00000,35.0
325.00000,35.0
326.00000,35.0
327.00000,35.0
328.00000,35.0
329.00000,35.0
330.00000,35.0
331.00000,35.0
332.00000,35.0
333.00000,35.0
334.00000,35.0
335.00000,35.0
336.00000,35.0
337.00000,35.0
338.00000,35.0
339.00000,35.0
340.00000,35.0
341.00000,35.0
342.00000,35.0
343.00000,35.0
344.00000,35.0
345.00000,35.0
346.00000,35.0
347.00000,35.0
348.00000,35.0
349.00000,35.0
350.00000,35.0
351.00000,35.0
352.00000,35.0
353.00000,35.0
354.00000,35.0
355.00000,35.0
356.00000,35.0
357.00000,35.0
358.00000,35.0
374.00000,35.0
375.00000,35.0
376.00000,35.0
377.00000,35.0
378.00000,35.0
379.00000,35.0
380.00000,35.0
381.00000,35.0
382.00000,35.0
383.00000,35.0
384.00000,35.0
385.00000,35.0
386.00000,35.0
387.00000,35.0
388.00000,35.0
389.00000,35.0
390.00000,35.0
391.00000,35.0
392.00000,35.0
393.00000,35.0
394.00000,35.0
395.00000,35.0
396.00000,35.0
397.00000,35.0
398.00000,35.0
402.00000,35.0
424.00000,35.0
425.00000,35.0
426.00000,35.0
427.00000,35.0
428.00000,35.0
429.00000,35.0
430.00000,35.0
431.00000,35.0
432.00000,35.0
433.00000,35.0
434.00000,35.0
435.00000,35.0
436.00000,35.0
437.00000,35.0
438.00000,35.0
439.00000,35.0
440.00000,35.0
441.00000,35.0
442.00000,35.0
443.00000,35.0
444.00000,35.0
445.00000,35.0
446.00000,35.0
447.00000,35.0
448.00000,35.0
449.00000,35.0
450.00000,35.0
451.00000,35.0
452.00000,35.0
465.00000,35.0
488.00000,35.0
489.00000,35.0
490.00000,35.0
491.00000,35.0
492.00000,35.0
493.00000,35.0
494.00000,35.0
495.00000,35.0
496.00000,35.0
497.00000,35.0
498.00000,35.0
499.00000,35.0
500.00000,35.0
501.00000,35.0
502.00000,35.0
503.00000,35.0
504.00000,35.0
505.00000,35.0
506.00000,35.0
507.00000,35.0
508.00000,35.0
509.00000,35.0
510.00000,35.0
511.00000,35.0
512.00000,35.0
513.00000,35.0
514.00000,35.0
515.00000,35.0
516.00000,35.0
517.00000,35.0
518.00000,35.0
519.00000,35.0
520.00000,35.0
521.00000,35.0
522.00000,35.0
523.00000,35.0
524.00000,35.0
525.00000,35.0
526.00000,35.0
527.00000,35.0
528.00000,35.0
529.00000,35.0
530.00000,35.0
531.00000,35.0
532.00000,35.0
533.00000,35.0
534.00000,35.0
535.00000,35.0
536.00000,35.0
537.00000,35.0
538.00000,35.0
539.00000,35.0
540.00000,35.0
541.00000,35.0
542.00000,35.0
543.00000,35.0
544.00000,35.0
545.00000,35.0
546.00000,35.0
547.00000,35.0
548.00000,35.0
549.00000,35.0
550.00000,35.0
551.00000,35.0
552.00000,35.0
553.00000,35.0
554.00000,35.0
555.00000,35.0
556.00000,35.0
557.00000,35.0
558.00000,35.0
559.00000,35.0
560.00000,35.0
561.00000,35.0
562.00000,35.0
563.00000,35.0
564.00000,35.0
565.00000,35.0
566.00000,35.0
567.00000,35.0
568.00000,35.0
569.00000,35.0
570.00000,35.0
571.00000,35.0
572.00000,35.0
573.00000,35.0
574.00000,35.0
575.00000,35.0
576.00000,35.0
577.00000,35.0
578.00000,35.0
579.00000,35.0
580.00000,35.0
581.00000,35.0
582.00000,35.0
583.00000,35.0
584.00000,35.0
585.00000,35.0
586.00000,35.0
587.00000,35.0
588.00000,35.0
589.00000,35.0
590.00000,35.0
591.00000,35.0
592.00000,35.0
593.00000,35.0
594.00000,35.0
595.00000,35.0
596.00000,35.0
597.00000,35.0
598.00000,35.0
599.00000,35.0
600.00000,35.0
601.00000,35.0
602.00000,35.0
603.00000,35.0
604.00000,35.0
605.00000,35.0
606.00000,35.0
607.00000,35.0
608.00000,35.0
609.00000,35.0
610.00000,35.0
611.00000,35.0
612.00000,35.0
613.00000,35.0
614.00000,35.0
615.00000,35.0
616.00000,35.0
617.00000,35.0
618.00000,35.0
619.00000,35.0
620.00000,35.0
621.00000,35.0
622.00000,35.0
623.00000,35.0
624.00000,35.0
625.00000,35.0
626.00000,35.0
627.00000,35.0
628.00000,35.0
629.00000,35.0
630.00000,35.0
631.00000,35.0
632.00000,35.0
633.00000,35.0
634.00000,35.0
635.00000,35.0
636.00000,35.0
637.00000,35.0
638.00000,35.0
639.00000,35.0
640.00000,35.0
641.00000,35.0
642.00000,35.0
643.00000,35.0
644.00000,35.0
645.00000,35.0
646.00000,35.0
647.00000,35.0
648.00000,35.0
649.00000,35.0
650.00000,35.0
651.00000,35.0
652.00000,35.0
653.00000,35.0
654.00000,35.0
655.00000,35.0
656.00000,35.0
657.00000,35.0
658.00000,35.0
659.00000,35.0
660.00000,35.0
661.00000,35.0
662.00000,35.0
663.00000,35.0
664.00000,35.0
665.00000,35.0
666.00000,35.0
667.00000,35.0
668.00000,35.0
669.00000,35.0
670.00000,35.0
671.00000,35.0
672.00000,35.0
673.00000,35.0
674.00000,35.0
675.00000,35.0
676.00000,35.0
677.00000,35.0
678.00000,35.0
679.00000,35.0
680.00000,35.0
681.00000,35.0
682.00000,35.0
683.00000,35.0
684.00000,35.0
685.00000,35.0
686.00000,35.0
687.00000,35.0
688.00000,35.0
689.00000,35.0
690.00000,35.0
691.00000,35.0
692.00000,35.0
693.00000,35.0
694.00000,35.0
695.00000,35.0
696.00000,35.0
697.00000,35.0
698.00000,35.0
699.00000,35.0
700.00000,35.0
701.00000,35.0
702.00000,35.0
703.00000,35.0
704.00000,35.0
705.00000,35.0
706.00000,35.0
707.00000,35.0
708.00000,35.0
709.00000,35.0
710.00000,35.0
711.00000,35.0
712.00000,35.0
713.00000,35.0
714.00000,35.0
715.00000,35.0
716.00000,35.0
717.00000,35.0
718.00000,35.0
719.00000,35.0
720.00000,35.0
721.00000,35.0
722.00000,35.0
723.00000,35.0
724.00000,35.0
725.00000,35.0
726.00000,35.0
727.00000,35.0
728.00000,35.0
729.00000,35.0
730.00000,35.0
731.00000,35.0
732.00000,35.0
733.00000,35.0
734.00000,35.0
735.00000,35.0
736.00000,35.0
737.00000,35.0
738.00000,35.0
739.00000,35.0
740.00000,35.0
741.00000,35.0
742.00000,35.0
743.00000,35.0
744.00000,35.0
745.00000,35.0
746.00000,35.0
747.00000,35.0
748.00000,35.0
749.00000,35.0
750.00000,35.0
751.00000,35.0
752.00000,35.0
753.00000,35.0
754.00000,35.0
755.00000,35.0
756.00000,35.0
757.00000,35.0
758.00000,35.0
759.00000,35.0
760.00000,35.0
761.00000,35.0
762.00000,35.0
763.00000,35.0
764.00000,35.0
765.00000,35.0
766.00000,35.0
767.00000,35.0
768.00000,35.0
769.00000,35.0
770.00000,35.0
771.00000,35.0
772.00000,35.0
773.00000,35.0
774.00000,35.0
775.00000,35.0
776.00000,35.0
777.00000,35.0
778.00000,35.0
779.00000,35.0
780.00000,35.0
781.00000,35.0
782.00000,35.0
783.00000,35.0
784.00000,35.0
785.00000,35.0
786.00000,35.0
787.00000,35.0
788.00000,35.0
789.00000,35.0
790.00000,35.0
791.00000,35.0
792.00000,35.0
793.00000,35.0
794.00000,35.0
795.00000,35.0
796.00000,35.0
797.00000,35.0
798.00000,35.0
799.00000,35.0
800.00000,35.0
801.00000,35.0
802.00000,35.0
803.00000,35.0
804.00000,35.0
805.00000,35.0
806.00000,35.0
807.00000,35.0
808.00000,35.0
809.00000,35.0
810.00000,35.0
811.00000,35.0
812.00000,35.0
813.00000,35.0
814.00000,35.0
815.00000,35.0
816.00000,35.0
817.00000,35.0
818.00000,35.0
819.00000,35.0
820.00000,35.0
821.00000,35.0
822.00000,35.0
823.00000,35.0
824.00000,35.0
825.00000,35.0
826.00000,35.0
827.00000,35.0
828.00000,35.0
829.00000,35.0
830.00000,35.0
831.00000,35.0
832.00000,35.0
833.00000,35.0
834.00000,35.0
835.00000,35.0
836.00000,35.0
837.00000,35.0
838.00000,35.0
839.00000,35.0
840.00000,35.0
841.00000,35.0
842.00000,35.0
843.00000,35.0
844.00000,35.0
845.00000,35.0
846.00000,35.0
847.00000,35.0
848.00000,35.0
849.00000,35.0
850.00000,35.0
851.00000,35.0
852.00000,35.0
853.00000,35.0
854.00000,35.0
855.00000,35.0
856.00000,35.0
857.00000,35.0
858.00000,35.0
859.00000,35.0
860.00000,35.0
861.00000,35.0
862.00000,35.0
863.00000,35.0
864.00000,35.0
865.00000,35.0
866.00000,35.0
867.00000,35.0
868.00000,35.0
869.00000,35.0
870.00000,35.0
871.00000,35.0
872.00000,35.0
873.00000,35.0
874.00000,35.0
875.00000,35.0
876.00000,35.0
877.00000,35.0
878.00000,35.0
879.00000,35.0
880.00000,35.0
881.00000,35.0
882.00000,35.0
883.00000,35.0
884.00000,35.0
885.00000,35.0
886.00000,35.0
887.00000,35.0
888.00000,35.0
889.00000,35.0
890.00000,35.0
891.00000,35.0
892.00000,35.0
893.00000,35.0
894.00000,35.0
895.00000,35.0
896.00000,35.0
897.00000,35.0
898.00000,35.0
899.00000,35.0
900.00000,35.0
901.00000,35.0
902.00000,35.0
903.00000,35.0
904.00000,35.0
905.00000,35.0
906.00000,35.0
907.00000,35.0
908.00000,35.0
909.00000,35.0
910.00000,35.0
911.00000,35.0
912.00000,35.0
913.00000,35.0
914.00000,35.0
915.00000,35.0
916.00000,35.0
917.00000,35.0
918.00000,35.0
919.00000,35.0
920.00000,35.0
921.00000,35.0
922.00000,35.0
923.00000,35.0
924.00000,35.0
925.00000,35.0
926.00000,35.0
927.00000,35.0
928.00000,35.0
929.00000,35.0
930.00000,35.0
931.00000,35.0
932.00000,35.0
933.00000,35.0
934.00000,35.0
935.00000,35.0
936.00000,35.0
937.00000,35.0
938.00000,35.0
939.00000,35.0
940.00000,35.0
941.00000,35.0
942.00000,35.0
943.00000,35.0
944.00000,35.0
945.00000,35.0
946.00000,35.0
947.00000,35.0
948.00000,35.0
949.00000,35.0
950.00000,35.0
951.00000,35.0
952.00000,35.0
953.00000,35.0
954.00000,35.0
955.00000,35.0
956.00000,35.0
957.00000,35.0
958.00000,35.0
959.00000,35.0
960.00000,35.0
961.00000,35.0
962.00000,35.0
963.00000,35.0
964.00000,35.0
965.00000,35.0
966.00000,35.0
967.00000,35.0
968.00000,35.0
969.00000,35.0
970.00000,35.0
971.00000,35.0
972.00000,35.0
973.00000,35.0
974.00000,35.0
975.00000,35.0
976.00000,35.0
977.00000,35.0
978.00000,35.0
979.00000,35.0
980.00000,35.0
981.00000,35.0
982.00000,35.0
983.00000,35.0
984.00000,35.0
985.00000,35.0
986.00000,35.0
987.00000,35.0
988.00000,35.0
989.00000,35.0
990.00000,35.0
991.00000,35.0
992.00000,35.0
993.00000,35.0
994.00000,35.0
995.00000,35.0
996.00000,35.0
997.00000,35.0
998.00000,35.0
999.00000,35.0
1000.00000,35.0
1001.00000,35.0
1002.00000,35.0
1003.00000,35.0
1004.00000,35.0
1005.00000,35.0
1006.00000,35.0
1007.00000,35.0
1008.00000,35.0
1009.00000,35.0
1010.00000,35.0
1011.00000,35.0
1012.00000,35.0
1013.00000,35.0
1014.00000,35.0
1015.00000,35.0
1016.00000,35.0
1017.00000,35.0
1018.00000,35.0
1019.00000,35.0
1020.00000,35.0
1021.00000,35.0
1022.00000,35.0
1023.00000,35.0
1024.00000,35.0
1025.00000,35.0
1026.00000,35.0
1027.00000,35.0
1028.00000,35.0
1029.00000,35.0
1030.00000,35.0
1031.00000,35.0
1032.00000,35.0
1033.00000,35.0
1034.00000,35.0
1035.00000,35.0
1036.00000,35.0
1037.00000,35.0
1038.00000,35.0
1039.00000,35.0
1040.00000,35.0
1041.00000,35.0
1042.00000,35.0
1043.00000,35.0
1044.00000,35.0
1045.00000,35.0
1046.00000,35.0
1047.00000,35.0
1048.00000,35.0
1049.00000,35.0
1050.00000,35.0
1051.00000,35.0
1052.00000,35.0
1053.00000,35.0
1054.00000,35.0
1055.00000,35.0
1056.00000,35.0
1057.00000,35.0
1058.00000,35.0
1059.00000,35.0
1060.00000,35.0
1061.00000,35.0
1062.00000,35.0
1063.00000,35.0
1064.00000,35.0
1065.00000,35.0
1066.00000,35.0
1067.00000,35.0
1068.00000,35.0
1069.00000,35.0
1070.00000,35.0
1071.00000,35.0
1072.00000,35.0
1073.00000,35.0
1074.00000,35.0
1075.00000,35.0
1076.00000,35.0
1077.00000,35.0
1078.00000,35.0
1079.00000,35.0
1080.00000,35.0
1081.00000,35.0
1082.00000,35.0
1083.00000,35.0
1084.00000,35.0
1085.00000,35.0
1086.00000,35.0
1087.00000,35.0
1088.00000,35.0
1089.00000,35.0
1090.00000,35.0
1091.00000,35.0
1092.00000,35.0
1093.00000,35.0
1094.00000,35.0
1095.00000,35.0
1096.00000,35.0
1097.00000,35.0
1098.00000,35.0
1099.00000,35.0
1100.00000,35.0
1101.00000,35.0
1102.00000,35.0
1103.00000,35.0
1104.00000,35.0
1105.00000,35.0
1106.00000,35.0
1107.00000,35.0
1108.00000,35.0
1109.00000,35.0
1110.00000,35.0
1111.00000,35.0
1112.00000,35.0
1113.00000,35.0
1114.00000,35.0
1115.00000,35.0
1116.00000,35.0
1117.00000,35.0
1118.00000,35.0
1119.00000,35.0
1120.00000,35.0
1121.00000,35.0
1122.00000,35.0
1123.00000,35.0
1124.00000,35.0
1125.00000,35.0
1126.00000,35.0
1127.00000,35.0
1128.00000,35.0
1129.00000,35.0
1130.00000,35.0
1131.00000,35.0
1132.00000,35.0
1137.00000,35.0
1138.00000,35.0
1139.00000,35.0
1140.00000,35.0
1141.00000,35.0
1142.00000,35.0
1143.00000,35.0
1144.00000,35.0
1145.00000,35.0
1146.00000,35.0
1147.00000,35.0
1148.00000,35.0
1149.00000,35.0
1150.00000,35.0
1151.00000,35.0
1152.00000,35.0
1153.00000,35.0
1154.00000,35.0
1155.00000,35.0
1156.00000,35.0
1157.00000,35.0
1158.00000,35.0
1159.00000,35.0
1160.00000,35.0
1161.00000,35.0
1162.00000,35.0
1163.00000,35.0
1164.00000,35.0
1165.00000,35.0
1166.00000,35.0
1167.00000,35.0
1168.00000,35.0
1169.00000,35.0
1170.00000,35.0
1171.00000,35.0
1172.00000,35.0
1173.00000,35.0
1174.00000,35.0
1175.00000,35.0
1176.00000,35.0
1177.00000,35.0
1178.00000,35.0
1179.00000,35.0
1180.00000,35.0
1181.00000,35.0
1182.00000,35.0
1183.00000,35.0
1184.00000,35.0
1185.00000,35.0
1186.00000,35.0
1187.00000,35.0
1188.00000,35.0
1189.00000,35.0
1190.00000,35.0
1191.00000,35.0
1192.00000,35.0
1193.00000,35.0
1194.00000,35.0
1195.00000,35.0
1196.00000,35.0
1197.00000,35.0
1198.00000,35.0
1199.00000,35.0
1200.00000,35.0
1201.00000,35.0
1202.00000,35.0
1203.00000,35.0
1204.00000,35.0
1205.00000,35.0
1206.00000,35.0
1207.00000,35.0
1208.00000,35.0
1209.00000,35.0
1210.00000,35.0
1211.00000,35.0
1212.00000,35.0
1213.00000,35.0
1214.00000,35.0
1215.00000,35.0
1216.00000,35.0
1217.00000,35.0
1218.00000,35.0
1219.00000,35.0
1220.00000,35.0
1221.00000,35.0
1222.00000,35.0
1223.00000,35.0
1224.00000,35.0
1225.00000,35.0
1226.00000,35.0
1227.00000,35.0
1228.00000,35.0
1229.00000,35.0
1230.00000,35.0
1231.00000,35.0
1232.00000,35.0
1233.00000,35.0
1234.00000,35.0
1235.00000,35.0
1236.00000,35.0
1237.00000,35.0
1238.00000,35.0
1239.00000,35.0
1240.00000,35.0
1241.00000,35.0
1242.00000,35.0
1243.00000,35.0
1244.00000,35.0
1245.00000,35.0
1246.00000,35.0
1247.00000,35.0
1248.00000,35.0
1249.00000,35.0
1250.00000,35.0
1251.00000,35.0
1252.00000,35.0
1253.00000,35.0
1254.00000,35.0
1255.00000,35.0
1256.00000,35.0
1257.00000,35.0
1258.00000,35.0
1259.00000,35.0
1260.00000,35.0
1261.00000,35.0
1262.00000,35.0
1263.00000,35.0
1264.00000,35.0
1265.00000,35.0
1266.00000,35.0
1267.00000,35.0
1268.00000,35.0
1269.00000,35.0
1270.00000,35.0
1271.00000,35.0
1272.00000,35.0
1273.00000,35.0
1274.00000,35.0
1275.00000,35.0
1276.00000,35.0
1277.00000,35.0
1278.00000,35.0
1279.00000,35.0
1280.00000,35.0
1281.00000,35.0
1282.00000,35.0
1283.00000,35.0
1284.00000,35.0
1285.00000,35.0
1286.00000,35.0
1287.00000,35.0
1288.00000,35.0
1289.00000,35.0
1290.00000,35.0
1291.00000,35.0
1292.00000,35.0
1293.00000,35.0
1294.00000,35.0
1295.00000,35.0
1296.00000,35.0
1297.00000,35.0
1298.00000,35.0
1299.00000,35.0
1300.00000,35.0
1301.00000,35.0
1302.00000,35.0
1303.00000,35.0
1304.00000,35.0
1305.00000,35.0
1306.00000,35.0
1307.00000,35.0
1308.00000,35.0
1309.00000,35.0
1310.00000,35.0
1311.00000,35.0
1312.00000,35.0
1313.00000,35.0
1314.00000,35.0
1315.00000,35.0
1316.00000,35.0
1317.00000,35.0
1318.00000,35.0
1319.00000,35.0
1320.00000,35.0
1321.00000,35.0
1322.00000,35.0
1323.00000,35.0
1324.00000,35.0
1325.00000,35.0
1326.00000,35.0
1327.00000,35.0
1328.00000,35.0
1329.00000,35.0
1330.00000,35.0
1331.00000,35.0
1332.00000,35.0
1333.00000,35.0
1334.00000,35.0
1335.00000,35.0
1336.00000,35.0
1337.00000,35.0
1338.00000,35.0
1339.00000,35.0
1340.00000,35.0
1341.00000,35.0
1342.00000,35.0
1343.00000,35.0
1344.00000,35.0
1345.00000,35.0
1346.00000,35.0
1347.00000,35.0
1348.00000,35.0
1349.00000,35.0
1350.00000,35.0
1351.00000,35.0
1352.00000,35.0
1353.00000,35.0
1354.00000,35.0
1355.00000,35.0
1356.00000,35.0
1357.00000,35.0
1358.00000,35.0
1359.00000,35.0
1360.00000,35.0
1361.00000,35.0
1362.00000,35.0
1363.00000,35.0
1364.00000,35.0
1365.00000,35.0
1366.00000,35.0
1375.00000,35.0
1382.00000,35.0
1383.00000,35.0
1384.00000,35.0
1385.00000,35.0
1386.00000,35.0
1387.00000,35.0
1403.00000,35.0
1438.00000,35.0
1451.00000,35.0
1452.00000,35.0
1453.00000,35.0
1454.00000,35.0
1455.00000,35.0
1456.00000,35.0
1457.00000,35.0
1458.00000,35.0
1459.00000,35.0
1460.00000,35.0
1461.00000,35.0
1462.00000,35.0
1463.00000,35.0
1464.00000,35.0
1465.00000,35.0
1466.00000,35.0
1467.00000,35.0
1468.00000,35.0
1469.00000,35.0
1470.00000,35.0
1471.00000,35.0
1472.00000,35.0
1473.00000,35.0
1474.00000,35.0
1475.00000,35.0
1476.00000,35.0
1477.00000,35.0
1478.00000,35.0
1479.00000,35.0
1480.00000,35.0
1481.00000,35.0
1482.00000,35.0
1483.00000,35.0
1484.00000,35.0
1485.00000,35.0
1486.00000,35.0
1487.00000,35.0
1488.00000,35.0
1489.00000,35.0
1490.00000,35.0
1491.00000,35.0
1492.00000,35.0
1493.00000,35.0
1494.00000,35.0
1495.00000,35.0
1496.00000,35.0
1497.00000,35.0
1498.00000,35.0
1499.00000,35.0
1500.00000,35.0
1501.00000,35.0
1502.00000,35.0
1503.00000,35.0
1504.00000,35.0
1505.00000,35.0
1506.00000,35.0
1507.00000,35.0
1508.00000,35.0
1509.00000,35.0
1510.00000,35.0
1511.00000,35.0
1512.00000,35.0
1513.00000,35.0
1514.00000,35.0
1515.00000,35.0
1516.00000,35.0
1529.00000,35.0
1585.00000,35.0
1620.00000,35.0
1654.00000,35.0
1655.00000,35.0
1656.00000,35.0
1657.00000,35.0
1658.00000,35.0
1659.00000,35.0
1660.00000,35.0
1661.00000,35.0
1662.00000,35.0
1663.00000,35.0
1664.00000,35.0
1665.00000,35.0
1666.00000,35.0
1667.00000,35.0
1668.00000,35.0
1669.00000,35.0
1670.00000,35.0
1671.00000,35.0
1672.00000,35.0
1673.00000,35.0
1674.00000,35.0
1675.00000,35.0
1676.00000,35.0
1677.00000,35.0
1678.00000,35.0
1679.00000,35.0
1680.00000,35.0
1681.00000,35.0
1682.00000,35.0
1683.00000,35.0
1684.00000,35.0
1685.00000,35.0
1686.00000,35.0
1687.00000,35.0
1688.00000,35.0
1689.00000,35.0
1690.00000,35.0
1691.00000,35.0
1692.00000,35.0
1693.00000,35.0
1694.00000,35.0
1695.00000,35.0
1696.00000,35.0
1697.00000,35.0
1698.00000,35.0
1699.00000,35.0
1700.00000,35.0
1701.00000,35.0
1702.00000,35.0
1703.00000,35.0
1704.00000,35.0
1705.00000,35.0
1706.00000,35.0
1707.00000,35.0
1708.00000,35.0
1709.00000,35.0
1710.00000,35.0
1711.00000,35.0
1712.00000,35.0
1713.00000,35.0
1714.00000,35.0
1718.00000,35.0
1739.00000,35.0
1774.00000,35.0
1802.00000,35.0
1837.00000,35.0
1865.00000,35.0
1893.00000,35.0
1921.00000,35.0
1956.00000,35.0
1984.00000,35.0
2019.00000,35.0
2043.00000,35.0
2044.00000,35.0
2045.00000,35.0
2046.00000,35.0
2047.00000,35.0
2048.00000,35.0
2049.00000,35.0
2050.00000,35.0
2051.00000,35.0
2052.00000,35.0
2053.00000,35.0
2054.00000,35.0
2055.00000,35.0
2056.00000,35.0
2057.00000,35.0
2082.00000,35.0
2103.00000,35.0
2123.00000,35.0
2124.00000,35.0
2125.00000,35.0
2126.00000,35.0
2127.00000,35.0
2128.00000,35.0
2129.00000,35.0
2130.00000,35.0
2131.00000,35.0
2132.00000,35.0
2133.00000,35.0
2134.00000,35.0
2135.00000,35.0
2136.00000,35.0
2137.00000,35.0
2138.00000,35.0
2139.00000,35.0
2140.00000,35.0
2141.00000,35.0
2142.00000,35.0
2143.00000,35.0
2144.00000,35.0
2145.00000,35.0
2146.00000,35.0
2147.00000,35.0
2148.00000,35.0
2149.00000,35.0
2150.00000,35.0
2151.00000,35.0
2152.00000,35.0
2153.00000,35.0
2154.00000,35.0
2155.00000,35.0
2156.00000,35.0
2157.00000,35.0
2158.00000,35.0
2159.00000,35.0
2160.00000,35.0
2161.00000,35.0
2162.00000,35.0
2163.00000,35.0
2164.00000,35.0
2165.00000,35.0
2166.00000,35.0
2167.00000,35.0
2168.00000,35.0
2169.00000,35.0
2170.00000,35.0
2171.00000,35.0
2172.00000,35.0
2173.00000,35.0
2174.00000,35.0
2175.00000,35.0
2176.00000,35.0
2177.00000,35.0
2178.00000,35.0
2179.00000,35.0
2180.00000,35.0
2181.00000,35.0
2182.00000,35.0
2183.00000,35.0
2184.00000,35.0
2185.00000,35.0
2186.00000,35.0
2187.00000,35.0
2188.00000,35.0
2189.00000,35.0
2190.00000,35.0
2191.00000,35.0
2192.00000,35.0
2193.00000,35.0
2194.00000,35.0
2195.00000,35.0
2196.00000,35.0
2197.00000,35.0
2198.00000,35.0
2199.00000,35.0
2200.00000,35.0
2201.00000,35.0
2202.00000,35.0
2203.00000,35.0
2204.00000,35.0
2205.00000,35.0
2206.00000,35.0
2207.00000,35.0
2208.00000,35.0
2209.00000,35.0
2210.00000,35.0
2211.00000,35.0
2212.00000,35.0
2213.00000,35.0
2214.00000,35.0
2215.00000,35.0
2216.00000,35.0
2217.00000,35.0
2218.00000,35.0
2219.00000,35.0
2220.00000,35.0
2221.00000,35.0
2222.00000,35.0
2223.00000,35.0
2224.00000,35.0
2225.00000,35.0
2226.00000,35.0
2227.00000,35.0
2228.00000,35.0
2229.00000,35.0
2230.00000,35.0
2231.00000,35.0
2232.00000,35.0
2233.00000,35.0
2234.00000,35.0
2235.00000,35.0
2236.00000,35.0
2237.00000,35.0
2238.00000,35.0
2239.00000,35.0
2240.00000,35.0
2241.00000,35.0
2242.00000,35.0
2243.00000,35.0
2244.00000,35.0
2245.00000,35.0
2246.00000,35.0
2247.00000,35.0
2248.00000,35.0
2249.00000,35.0
2250.00000,35.0
2251.00000,35.0
2252.00000,35.0
2253.00000,35.0
2254.00000,35.0
2255.00000,35.0
2256.00000,35.0
2257.00000,35.0
2258.00000,35.0
2259.00000,35.0
2260.00000,35.0
2261.00000,35.0
2262.00000,35.0
2263.00000,35.0
2264.00000,35.0
2265.00000,35.0
2266.00000,35.0
2267.00000,35.0
2268.00000,35.0
2269.00000,35.0
2270.00000,35.0
2271.00000,35.0
2272.00000,35.0
2273.00000,35.0
2274.00000,35.0
2275.00000,35.0
2276.00000,35.0
2277.00000,35.0
2278.00000,35.0
2279.00000,35.0
2280.00000,35.0
2281.00000,35.0
2282.00000,35.0
2283.00000,35.0
2284.00000,35.0
2285.00000,35.0
2286.00000,35.0
2287.00000,35.0
2288.00000,35.0
2289.00000,35.0
2290.00000,35.0
2291.00000,35.0
2292.00000,35.0
2293.00000,35.0
2294.00000,35.0
2295.00000,35.0
2296.00000,35.0
2297.00000,35.0
2298.00000,35.0
2299.00000,35.0
2300.00000,35.0
2301.00000,35.0
2302.00000,35.0
2303.00000,35.0
2304.00000,35.0
2305.00000,35.0
2306.00000,35.0
2307.00000,35.0
2308.00000,35.0
2309.00000,35.0
2310.00000,35.0
2311.00000,35.0
2312.00000,35.0
2313.00000,35.0
2314.00000,35.0
2315.00000,35.0
2316.00000,35.0
2317.00000,35.0
2318.00000,35.0
2319.00000,35.0
2320.00000,35.0
2321.00000,35.0
2322.00000,35.0
2323.00000,35.0
2324.00000,35.0
2325.00000,35.0
2326.00000,35.0
2327.00000,35.0
2328.00000,35.0
2329.00000,35.0
2330.00000,35.0
2331.00000,35.0
2332.00000,35.0
2333.00000,35.0
2334.00000,35.0
2335.00000,35.0
2336.00000,35.0
2337.00000,35.0
2338.00000,35.0
2339.00000,35.0
2340.00000,35.0
2341.00000,35.0
2342.00000,35.0
2343.00000,35.0
2344.00000,35.0
2345.00000,35.0
2346.00000,35.0
2347.00000,35.0
2383.00000,35.0
2411.00000,35.0
2447.00000,35.0
2474.00000,35.0
2510.00000,35.0
2530.00000,35.0
2565.00000,35.0
2593.00000,35.0
2621.00000,35.0
2656.00000,35.0
2684.00000,35.0
2712.00000,35.0
2747.00000,35.0
2775.00000,35.0
2810.00000,35.0
2838.00000,35.0
2866.00000,35.0
2922.00000,35.0
2923.00000,35.0
2924.00000,35.0
2925.00000,35.0
2926.00000,35.0
2927.00000,35.0
2928.00000,35.0
2929.00000,35.0
2930.00000,35.0
2931.00000,35.0
2932.00000,35.0
2933.00000,35.0
2934.00000,35.0
2935.00000,35.0
2936.00000,35.0
2937.00000,35.0
2938.00000,35.0
2939.00000,35.0
2940.00000,35.0
2941.00000,35.0
2942.00000,35.0
2943.00000,35.0
2944.00000,35.0
2945.00000,35.0
2946.00000,35.0
2947.00000,35.0
2948.00000,35.0
2949.00000,35.0
2950.00000,35.0
2951.00000,35.0
2952.00000,35.0
2953.00000,35.0
2954.00000,35.0
2955.00000,35.0
2956.00000,35.0
2957.00000,35.0
2958.00000,35.0
2959.00000,35.0
2960.00000,35.0
2961.00000,35.0
2962.00000,35.0
2963.00000,35.0
2964.00000,35.0
2965.00000,35.0
2966.00000,35.0
2967.00000,35.0
2968.00000,35.0
2969.00000,35.0
2970.00000,35.0
2971.00000,35.0
2972.00000,35.0
2973.00000,35.0
2974.00000,35.0
2975.00000,35.0
2976.00000,35.0
2977.00000,35.0
2978.00000,35.0
2979.00000,35.0
2980.00000,35.0
2981.00000,35.0
2982.00000,35.0
2983.00000,35.0
2984.00000,35.0
2985.00000,35.0
2986.00000,35.0
2987.00000,35.0
2988.00000,35.0
2989.00000,35.0
2990.00000,35.0
2991.00000,35.0
2992.00000,35.0
2993.00000,35.0
2994.00000,35.0
2995.00000,35.0
2996.00000,35.0
2997.00000,35.0
2998.00000,35.0
2999.00000,35.0
3000.00000,35.0
3001.00000,35.0
3002.00000,35.0
3003.00000,35.0
3004.00000,35.0
3005.00000,35.0
3006.00000,35.0
3007.00000,35.0
3008.00000,35.0
3009.00000,35.0
3010.00000,35.0
3011.00000,35.0
3012.00000,35.0
3013.00000,35.0
3014.00000,35.0
3015.00000,35.0
3016.00000,35.0
3017.00000,35.0
3018.00000,35.0
3019.00000,35.0
3020.00000,35.0
3021.00000,35.0
3022.00000,35.0
3023.00000,35.0
3024.00000,35.0
3025.00000,35.0
3026.00000,35.0
3027.00000,35.0
3028.00000,35.0
3029.00000,35.0
3030.00000,35.0
3031.00000,35.0
3032.00000,35.0
3033.00000,35.0
3034.00000,35.0
3035.00000,35.0
3036.00000,35.0
3037.00000,35.0
3038.00000,35.0
3039.00000,35.0
3040.00000,35.0
3041.00000,35.0
3042.00000,35.0
3043.00000,35.0
3044.00000,35.0
3045.00000,35.0
3046.00000,35.0
3047.00000,35.0
3048.00000,35.0
3049.00000,35.0
3050.00000,35.0
3051.00000,35.0
3052.00000,35.0
3053.00000,35.0
3054.00000,35.0
3055.00000,35.0
3056.00000,35.0
3057.00000,35.0
3058.00000,35.0
3059.00000,35.0
3060.00000,35.0
3061.00000,35.0
3062.00000,35.0
3063.00000,35.0
3064.00000,35.0
3065.00000,35.0
3066.00000,35.0
3067.00000,35.0
3068.00000,35.0
3069.00000,35.0
3070.00000,35.0
3071.00000,35.0
3072.00000,35.0
3073.00000,35.0
3074.00000,35.0
3075.00000,35.0
3076.00000,35.0
3077.00000,35.0
3078.00000,35.0
3079.00000,35.0
3080.00000,35.0
3081.00000,35.0
3082.00000,35.0
3083.00000,35.0
3084.00000,35.0
3085.00000,35.0
3086.00000,35.0
3087.00000,35.0
3088.00000,35.0
3089.00000,35.0
3090.00000,35.0
3091.00000,35.0
3092.00000,35.0
3093.00000,35.0
3094.00000,35.0
3095.00000,35.0
3096.00000,35.0
3097.00000,35.0
3098.00000,35.0
3099.00000,35.0
3100.00000,35.0
3101.00000,35.0
3102.00000,35.0
3103.00000,35.0
3104.00000,35.0
3105.00000,35.0
3106.00000,35.0
3107.00000,35.0
3108.00000,35.0
3109.00000,35.0
3110.00000,35.0
3111.00000,35.0
3112.00000,35.0
3113.00000,35.0
3114.00000,35.0
3115.00000,35.0
3116.00000,35.0
3117.00000,35.0
3118.00000,35.0
3119.00000,35.0
3120.00000,35.0
3121.00000,35.0
3122.00000,35.0
3123.00000,35.0
3124.00000,35.0
3125.00000,35.0
3126.00000,35.0
3127.00000,35.0
3128.00000,35.0
3129.00000,35.0
3130.00000,35.0
3131.00000,35.0
3132.00000,35.0
3133.00000,35.0
3134.00000,35.0
3135.00000,35.0
3136.00000,35.0
3137.00000,35.0
3138.00000,35.0
3139.00000,35.0
3140.00000,35.0
3141.00000,35.0
3142.00000,35.0
3143.00000,35.0
3144.00000,35.0
3145.00000,35.0
3146.00000,35.0
3147.00000,35.0
3148.00000,35.0
3149.00000,35.0
3150.00000,35.0
3151.00000,35.0
3152.00000,35.0
3153.00000,35.0
3154.00000,35.0
3155.00000,35.0
3156.00000,35.0
3157.00000,35.0
3158.00000,35.0
3159.00000,35.0
3160.00000,35.0
3161.00000,35.0
3162.00000,35.0
3163.00000,35.0
3164.00000,35.0
3165.00000,35.0
3166.00000,35.0
3167.00000,35.0
3168.00000,35.0
3169.00000,35.0
3170.00000,35.0
3171.00000,35.0
3172.00000,35.0
3173.00000,35.0
3174.00000,35.0
3175.00000,35.0
3176.00000,35.0
3177.00000,35.0
3178.00000,35.0
3179.00000,35.0
3180.00000,35.0
3181.00000,35.0
3182.00000,35.0
3183.00000,35.0
3184.00000,35.0
3185.00000,35.0
3186.00000,35.0
3187.00000,35.0
3188.00000,35.0
3189.00000,35.0
3190.00000,35.0
3191.00000,35.0
3192.00000,35.0
3193.00000,35.0
3194.00000,35.0
3195.00000,35.0
3196.00000,35.0
3197.00000,35.0
3198.00000,35.0
3199.00000,35.0
3200.00000,35.0
3201.00000,35.0
3202.00000,35.0
3203.00000,35.0
3204.00000,35.0
3205.00000,35.0
3206.00000,35.0
3207.00000,35.0
3208.00000,35.0
3209.00000,35.0
3210.00000,35.0
3211.00000,35.0
3212.00000,35.0
3213.00000,35.0
3214.00000,35.0
3215.00000,35.0
3216.00000,35.0
3217.00000,35.0
3218.00000,35.0
3219.00000,35.0
3220.00000,35.0
3221.00000,35.0
3222.00000,35.0
3223.00000,35.0
3224.00000,35.0
3225.00000,35.0
3226.00000,35.0
3227.00000,35.0
3228.00000,35.0
3229.00000,35.0
3230.00000,35.0
3231.00000,35.0
3232.00000,35.0
3233.00000,35.0
3234.00000,35.0
3235.00000,35.0
3236.00000,35.0
3237.00000,35.0
3238.00000,35.0
3239.00000,35.0
3240.00000,35.0
3241.00000,35.0
3242.00000,35.0
3243.00000,35.0
3244.00000,35.0
3245.00000,35.0
3246.00000,35.0
3247.00000,35.0
3248.00000,35.0
3249.00000,35.0
3250.00000,35.0
3251.00000,35.0
3252.00000,35.0
3253.00000,35.0
3254.00000,35.0
3255.00000,35.0
3256.00000,35.0
3257.00000,35.0
3258.00000,35.0
3259.00000,35.0
3260.00000,35.0
3261.00000,35.0
3262.00000,35.0
3263.00000,35.0
3264.00000,35.0
3265.00000,35.0
3266.00000,35.0
3267.00000,35.0
3268.00000,35.0
3269.00000,35.0
3270.00000,35.0
3271.00000,35.0
3272.00000,35.0
3273.00000,35.0
3274.00000,35.0
3275.00000,35.0
3276.00000,35.0
3277.00000,35.0
3278.00000,35.0
3279.00000,35.0
3280.00000,35.0
3281.00000,35.0
3282.00000,35.0
3283.00000,35.0
3284.00000,35.0
3285.00000,35.0
3286.00000,35.0
3287.00000,35.0
3288.00000,35.0
3289.00000,35.0
3290.00000,35.0
3291.00000,35.0
3292.00000,35.0
3293.00000,35.0
3294.00000,35.0
3295.00000,35.0
3296.00000,35.0
3297.00000,35.0
3298.00000,35.0
3299.00000,35.0
3300.00000,35.0
3301.00000,35.0
3302.00000,35.0
3303.00000,35.0
3304.00000,35.0
3305.00000,35.0
3306.00000,35.0
3307.00000,35.0
3308.00000,35.0
3309.00000,35.0
3310.00000,35.0
3311.00000,35.0
3312.00000,35.0
3313.00000,35.0
3314.00000,35.0
3315.00000,35.0
3316.00000,35.0
3317.00000,35.0
3318.00000,35.0
3319.00000,35.0
3320.00000,35.0
3321.00000,35.0
3322.00000,35.0
3323.00000,35.0
3324.00000,35.0
3325.00000,35.0
3326.00000,35.0
3327.00000,35.0
3328.00000,35.0
3329.00000,35.0
3330.00000,35.0
3331.00000,35.0
3332.00000,35.0
3333.00000,35.0
3334.00000,35.0
3335.00000,35.0
3336.00000,35.0
3337.00000,35.0
3338.00000,35.0
3339.00000,35.0
3340.00000,35.0
3341.00000,35.0
3342.00000,35.0
3343.00000,35.0
3344.00000,35.0
3345.00000,35.0
3346.00000,35.0
3347.00000,35.0
3348.00000,35.0
3349.00000,35.0
3350.00000,35.0
3351.00000,35.0
3352.00000,35.0
3353.00000,35.0
3354.00000,35.0
3355.00000,35.0
3356.00000,35.0
3357.00000,35.0
3358.00000,35.0
3359.00000,35.0
3360.00000,35.0
3361.00000,35.0
3362.00000,35.0
3363.00000,35.0
3364.00000,35.0
3365.00000,35.0
3366.00000,35.0
3367.00000,35.0
3368.00000,35.0
3369.00000,35.0
3370.00000,35.0
3371.00000,35.0
3372.00000,35.0
3373.00000,35.0
3374.00000,35.0
3375.00000,35.0
3376.00000,35.0
3383.00000,35.0
3384.00000,35.0
3385.00000,35.0
3386.00000,35.0
3387.00000,35.0
3388.00000,35.0
3389.00000,35.0
3390.00000,35.0
3391.00000,35.0
3392.00000,35.0
3393.00000,35.0
3394.00000,35.0
3395.00000,35.0
3396.00000,35.0
3397.00000,35.0
3398.00000,35.0
3399.00000,35.0
3400.00000,35.0
3401.00000,35.0
3402.00000,35.0
3403.00000,35.0
3404.00000,35.0
3405.00000,35.0
3406.00000,35.0
3407.00000,35.0
3408.00000,35.0
3409.00000,35.0
3410.00000,35.0
3411.00000,35.0
3412.00000,35.0
3413.00000,35.0
3414.00000,35.0
3415.00000,35.0
3416.00000,35.0
3417.00000,35.0
3418.00000,35.0
3419.00000,35.0
3420.00000,35.0
3421.00000,35.0
3422.00000,35.0
3423.00000,35.0
3424.00000,35.0
3425.00000,35.0
3426.00000,35.0
3427.00000,35.0
3428.00000,35.0
3429.00000,35.0
3430.00000,35.0
3431.00000,35.0
3432.00000,35.0
3433.00000,35.0
3434.00000,35.0
3435.00000,35.0
3436.00000,35.0
3437.00000,35.0
3438.00000,35.0
3439.00000,35.0
3440.00000,35.0
3441.00000,35.0
3442.00000,35.0
3443.00000,35.0
3444.00000,35.0
3445.00000,35.0
3446.00000,35.0
3447.00000,35.0
3448.00000,35.0
3449.00000,35.0
3450.00000,35.0
3451.00000,35.0
3452.00000,35.0
3453.00000,35.0
3454.00000,35.0
3455.00000,35.0
3456.00000,35.0
3457.00000,35.0
3458.00000,35.0
3459.00000,35.0
3460.00000,35.0
3461.00000,35.0
3462.00000,35.0
3463.00000,35.0
3464.00000,35.0
3465.00000,35.0
3466.00000,35.0
3467.00000,35.0
3468.00000,35.0
3469.00000,35.0
3470.00000,35.0
3471.00000,35.0
3472.00000,35.0
3473.00000,35.0
3474.00000,35.0
3475.00000,35.0
3476.00000,35.0
3477.00000,35.0
3478.00000,35.0
3479.00000,35.0
3480.00000,35.0
3481.00000,35.0
3482.00000,35.0
3483.00000,35.0
3484.00000,35.0
3485.00000,35.0
3486.00000,35.0
3487.00000,35.0
3488.00000,35.0
3489.00000,35.0
3490.00000,35.0
3491.00000,35.0
3492.00000,35.0
3493.00000,35.0
3494.00000,35.0
3495.00000,35.0
3496.00000,35.0
3497.00000,35.0
3498.00000,35.0
3499.00000,35.0
3500.00000,35.0
3501.00000,35.0
3502.00000,35.0
3503.00000,35.0
3504.00000,35.0
3505.00000,35.0
3506.00000,35.0
3507.00000,35.0
3508.00000,35.0
3509.00000,35.0
3510.00000,35.0
3511.00000,35.0
3512.00000,35.0
3513.00000,35.0
3514.00000,35.0
3515.00000,35.0
3516.00000,35.0
3517.00000,35.0
3518.00000,35.0
3519.00000,35.0
3520.00000,35.0
3521.00000,35.0
3522.00000,35.0
3523.00000,35.0
3524.00000,35.0
3525.00000,35.0
3526.00000,35.0
3527.00000,35.0
3528.00000,35.0
3529.00000,35.0
3530.00000,35.0
3531.00000,35.0
3532.00000,35.0
3533.00000,35.0
3534.00000,35.0
3535.00000,35.0
3536.00000,35.0
3537.00000,35.0
3538.00000,35.0
3539.00000,35.0
3540.00000,35.0
3541.00000,35.0
3542.00000,35.0
3543.00000,35.0
3544.00000,35.0
3545.00000,35.0
3546.00000,35.0
3566.00000,35.0
3601.00000,35.0
3629.00000,35.0
3638.00000,35.0
3639.00000,35.0
3640.00000,35.0
3641.00000,35.0
3642.00000,35.0
3643.00000,35.0
3644.00000,35.0
3645.00000,35.0
3646.00000,35.0
3647.00000,35.0
3648.00000,35.0
3649.00000,35.0
3650.00000,35.0
3651.00000,35.0
3652.00000,35.0
3653.00000,35.0
3654.00000,35.0
3655.00000,35.0
3656.00000,35.0
3657.00000,35.0
3658.00000,35.0
3659.00000,35.0
3660.00000,35.0
3661.00000,35.0
3662.00000,35.0
3663.00000,35.0
3664.00000,35.0
3665.00000,35.0
3666.00000,35.0
3667.00000,35.0
3668.00000,35.0
3669.00000,35.0
3670.00000,35.0
3671.00000,35.0
3672.00000,35.0
3673.00000,35.0
3674.00000,35.0
3675.00000,35.0
3676.00000,35.0
3677.00000,35.0
3678.00000,35.0
3679.00000,35.0
3680.00000,35.0
3681.00000,35.0
3682.00000,35.0
3683.00000,35.0
3684.00000,35.0
3685.00000,35.0
3686.00000,35.0
3687.00000,35.0
3688.00000,35.0
3689.00000,35.0
3690.00000,35.0
3691.00000,35.0
3692.00000,35.0
3693.00000,35.0
3694.00000,35.0
3695.00000,35.0
3696.00000,35.0
3697.00000,35.0
3698.00000,35.0
3699.00000,35.0
3700.00000,35.0
3701.00000,35.0
3702.00000,35.0
3703.00000,35.0
3704.00000,35.0
3705.00000,35.0
3706.00000,35.0
3707.00000,35.0
3708.00000,35.0
3709.00000,35.0
3710.00000,35.0
3711.00000,35.0
3712.00000,35.0
3713.00000,35.0
3714.00000,35.0
3715.00000,35.0
3716.00000,35.0
3717.00000,35.0
3718.00000,35.0
3719.00000,35.0
3720.00000,35.0
3721.00000,35.0
3722.00000,35.0
3723.00000,35.0
3724.00000,35.0
3725.00000,35.0
3726.00000,35.0
3727.00000,35.0
3728.00000,35.0
3729.00000,35.0
3730.00000,35.0
3731.00000,35.0
3732.00000,35.0
3733.00000,35.0
3734.00000,35.0
3735.00000,35.0
3736.00000,35.0
3737.00000,35.0
3738.00000,35.0
3739.00000,35.0
3740.00000,35.0
3741.00000,35.0
3742.00000,35.0
3743.00000,35.0
3744.00000,35.0
3745.00000,35.0
3746.00000,35.0
3747.00000,35.0
3748.00000,35.0
3749.00000,35.0
3750.00000,35.0
3751.00000,35.0
3752.00000,35.0
3753.00000,35.0
3754.00000,35.0
3755.00000,35.0
3756.00000,35.0
3757.00000,35.0
3758.00000,35.0
3759.00000,35.0
3760.00000,35.0
3761.00000,35.0
3762.00000,35.0
3763.00000,35.0
3764.00000,35.0
3765.00000,35.0
3766.00000,35.0
3767.00000,35.0
3768.00000,35.0
3769.00000,35.0
3770.00000,35.0
3771.00000,35.0
3772.00000,35.0
3773.00000,35.0
3774.00000,35.0
3775.00000,35.0
3776.00000,35.0
3777.00000,35.0
3778.00000,35.0
3779.00000,35.0
3780.00000,35.0
3781.00000,35.0
3782.00000,35.0
3783.00000,35.0
3784.00000,35.0
3785.00000,35.0
3786.00000,35.0
3787.00000,35.0
3788.00000,35.0
3789.00000,35.0
3790.00000,35.0
3791.00000,35.0
3792.00000,35.0
3793.00000,35.0
3794.00000,35.0
3795.00000,35.0
3796.00000,35.0
3797.00000,35.0
3798.00000,35.0
3799.00000,35.0
3800.00000,35.0
3801.00000,35.0
3802.00000,35.0
3803.00000,35.0
3804.00000,35.0
3805.00000,35.0
3806.00000,35.0
3807.00000,35.0
3808.00000,35.0
3809.00000,35.0
3810.00000,35.0
3811.00000,35.0
3812.00000,35.0
3813.00000,35.0
3814.00000,35.0
3815.00000,35.0
3816.00000,35.0
3817.00000,35.0
3818.00000,35.0
3819.00000,35.0
3820.00000,35.0
3821.00000,35.0
3822.00000,35.0
3823.00000,35.0
3824.00000,35.0
3825.00000,35.0
3826.00000,35.0
3827.00000,35.0
3828.00000,35.0
3829.00000,35.0
3830.00000,35.0
3831.00000,35.0
3832.00000,35.0
3833.00000,35.0
3834.00000,35.0
3835.00000,35.0
3836.00000,35.0
3837.00000,35.0
3838.00000,35.0
3839.00000,35.0
3840.00000,35.0
3841.00000,35.0
3842.00000,35.0
3843.00000,35.0
3844.00000,35.0
3845.00000,35.0
3846.00000,35.0
3847.00000,35.0
3848.00000,35.0
3849.00000,35.0
3850.00000,35.0
3851.00000,35.0
3852.00000,35.0
3853.00000,35.0
3854.00000,35.0
3855.00000,35.0
3856.00000,35.0
3857.00000,35.0
3858.00000,35.0
3859.00000,35.0
3860.00000,35.0
3861.00000,35.0
3862.00000,35.0
3863.00000,35.0
3864.00000,35.0
3865.00000,35.0
3866.00000,35.0
3867.00000,35.0
3868.00000,35.0
3869.00000,35.0
3870.00000,35.0
3871.00000,35.0
3872.00000,35.0
3873.00000,35.0
3874.00000,35.0
3875.00000,35.0
3876.00000,35.0
3877.00000,35.0
3878.00000,35.0
3879.00000,35.0
3880.00000,35.0
3881.00000,35.0
3882.00000,35.0
3883.00000,35.0
3884.00000,35.0
3885.00000,35.0
3886.00000,35.0
3887.00000,35.0
3888.00000,35.0
3889.00000,35.0
3890.00000,35.0
3891.00000,35.0
3892.00000,35.0
3893.00000,35.0
3894.00000,35.0
3895.00000,35.0
3896.00000,35.0
3897.00000,35.0
3898.00000,35.0
3899.00000,35.0
3900.00000,35.0
3901.00000,35.0
3902.00000,35.0
3903.00000,35.0
3904.00000,35.0
3905.00000,35.0
3906.00000,35.0
3907.00000,35.0
3908.00000,35.0
3909.00000,35.0
3910.00000,35.0
3911.00000,35.0
3912.00000,35.0
3913.00000,35.0
3914.00000,35.0
3915.00000,35.0
3916.00000,35.0
3917.00000,35.0
3918.00000,35.0
3919.00000,35.0
3920.00000,35.0
3921.00000,35.0
3922.00000,35.0
3923.00000,35.0
3924.00000,35.0
3925.00000,35.0
3926.00000,35.0
3927.00000,35.0
3928.00000,35.0
3929.00000,35.0
3930.00000,35.0
3931.00000,35.0
3932.00000,35.0
3933.00000,35.0
3934.00000,35.0
3935.00000,35.0
3936.00000,35.0
3937.00000,35.0
3938.00000,35.0
3939.00000,35.0
3940.00000,35.0
3941.00000,35.0
3942.00000,35.0
3943.00000,35.0
3944.00000,35.0
3945.00000,35.0
3946.00000,35.0
3947.00000,35.0
3948.00000,35.0
3949.00000,35.0
3950.00000,35.0
3951.00000,35.0
3952.00000,35.0
3953.00000,35.0
3954.00000,35.0
3955.00000,35.0
3956.00000,35.0
3957.00000,35.0
3958.00000,35.0
3959.00000,35.0
3960.00000,35.0
3961.00000,35.0
3962.00000,35.0
3963.00000,35.0
3964.00000,35.0
3965.00000,35.0
3966.00000,35.0
3967.00000,35.0
3968.00000,35.0
3969.00000,35.0
3970.00000,35.0
3971.00000,35.0
3972.00000,35.0
3973.00000,35.0
3974.00000,35.0
3975.00000,35.0
3976.00000,35.0
3977.00000,35.0
3978.00000,35.0
3979.00000,35.0
3980.00000,35.0
3981.00000,35.0
3982.00000,35.0
3983.00000,35.0
3984.00000,35.0
3985.00000,35.0
3986.00000,35.0
3987.00000,35.0
3988.00000,35.0
3989.00000,35.0
3990.00000,35.0
3991.00000,35.0
3992.00000,35.0
3993.00000,35.0
3994.00000,35.0
3995.00000,35.0
3996.00000,35.0
3997.00000,35.0
3998.00000,35.0
3999.00000,35.0
4000.00000,35.0
4001.00000,35.0
4002.00000,35.0
4003.00000,35.0
4004.00000,35.0
4005.00000,35.0
4006.00000,35.0
4007.00000,35.0
4008.00000,35.0
4009.00000,35.0
4010.00000,35.0
4011.00000,35.0
4012.00000,35.0
4013.00000,35.0
4014.00000,35.0
4015.00000,35.0
4016.00000,35.0
4017.00000,35.0
4018.00000,35.0
4019.00000,35.0
4020.00000,35.0
4021.00000,35.0
4022.00000,35.0
4023.00000,35.0
4024.00000,35.0
4025.00000,35.0
4026.00000,35.0
4027.00000,35.0
4028.00000,35.0
4029.00000,35.0
4030.00000,35.0
4031.00000,35.0
4032.00000,35.0
4033.00000,35.0
4034.00000,35.0
4035.00000,35.0
4036.00000,35.0
4037.00000,35.0
4038.00000,35.0
4039.00000,35.0
4040.00000,35.0
4041.00000,35.0
4042.00000,35.0
4043.00000,35.0
4044.00000,35.0
4045.00000,35.0
4046.00000,35.0
4047.00000,35.0
4048.00000,35.0
4049.00000,35.0
4050.00000,35.0
4051.00000,35.0
4052.00000,35.0
4053.00000,35.0
4054.00000,35.0
4055.00000,35.0
4056.00000,35.0
4057.00000,35.0
4058.00000,35.0
4059.00000,35.0
4060.00000,35.0
4061.00000,35.0
4062.00000,35.0
4063.00000,35.0
4064.00000,35.0
4065.00000,35.0
4066.00000,35.0
4067.00000,35.0
4068.00000,35.0
4069.00000,35.0
4070.00000,35.0
4071.00000,35.0
4072.00000,35.0
4073.00000,35.0
4074.00000,35.0
4075.00000,35.0
4076.00000,35.0
4077.00000,35.0
4078.00000,35.0
4079.00000,35.0
4080.00000,35.0
4081.00000,35.0
4082.00000,35.0
4083.00000,35.0
4084.00000,35.0
4085.00000,35.0
4086.00000,35.0
4087.00000,35.0
4088.00000,35.0
4089.00000,35.0
4090.00000,35.0
4091.00000,35.0
4092.00000,35.0
4093.00000,35.0
4094.00000,35.0
4106.00000,35.0
4107.00000,35.0
4108.00000,35.0
4109.00000,35.0
4110.00000,35.0
4111.00000,35.0
4112.00000,35.0
4113.00000,35.0
4114.00000,35.0
4115.00000,35.0
4116.00000,35.0
4117.00000,35.0
4118.00000,35.0
4119.00000,35.0
4120.00000,35.0
4121.00000,35.0
4122.00000,35.0
4123.00000,35.0
4124.00000,35.0
4125.00000,35.0
4126.00000,35.0
4127.00000,35.0
4128.00000,35.0
4129.00000,35.0
4130.00000,35.0
4131.00000,35.0
4132.00000,35.0
4133.00000,35.0
4134.00000,35.0
4135.00000,35.0
4136.00000,35.0
4137.00000,35.0
4138.00000,35.0
4139.00000,35.0
4140.00000,35.0
4141.00000,35.0
4142.00000,35.0
4143.00000,35.0
4144.00000,35.0
4145.00000,35.0
4146.00000,35.0
4147.00000,35.0
4148.00000,35.0
4149.00000,35.0
4150.00000,35.0
4151.00000,35.0
4152.00000,35.0
4153.00000,35.0
4154.00000,35.0
4155.00000,35.0
4156.00000,35.0
4157.00000,35.0
4158.00000,35.0
4159.00000,35.0
4160.00000,35.0
4161.00000,35.0
4162.00000,35.0
4163.00000,35.0
4164.00000,35.0
4165.00000,35.0
4166.00000,35.0
4167.00000,35.0
4168.00000,35.0
4169.00000,35.0
4170.00000,35.0
4171.00000,35.0
4172.00000,35.0
4173.00000,35.0
4174.00000,35.0
4175.00000,35.0
4176.00000,35.0
4177.00000,35.0
4178.00000,35.0
4179.00000,35.0
4180.00000,35.0
4181.00000,35.0
4182.00000,35.0
4183.00000,35.0
4184.00000,35.0
4185.00000,35.0
4186.00000,35.0
4187.00000,35.0
4188.00000,35.0
4189.00000,35.0
4190.00000,35.0
4191.00000,35.0
4192.00000,35.0
4193.00000,35.0
4194.00000,35.0
4195.00000,35.0
4196.00000,35.0
4197.00000,35.0
4198.00000,35.0
4199.00000,35.0
4200.00000,35.0
4201.00000,35.0
4202.00000,35.0
4203.00000,35.0
4204.00000,35.0
4205.00000,35.0
4206.00000,35.0
4207.00000,35.0
4208.00000,35.0
4209.00000,35.0
4210.00000,35.0
4211.00000,35.0
4212.00000,35.0
4213.00000,35.0
4214.00000,35.0
4215.00000,35.0
4216.00000,35.0
4217.00000,35.0
4218.00000,35.0
4219.00000,35.0
4220.00000,35.0
4221.00000,35.0
4222.00000,35.0
4223.00000,35.0
4224.00000,35.0
4225.00000,35.0
4226.00000,35.0
4227.00000,35.0
4228.00000,35.0
4229.00000,35.0
4230.00000,35.0
4231.00000,35.0
4232.00000,35.0
4233.00000,35.0
4234.00000,35.0
4235.00000,35.0
4236.00000,35.0
4237.00000,35.0
4238.00000,35.0
4239.00000,35.0
4240.00000,35.0
4241.00000,35.0
4242.00000,35.0
4243.00000,35.0
4244.00000,35.0
4245.00000,35.0
4246.00000,35.0
4247.00000,35.0
4248.00000,35.0
4249.00000,35.0
4250.00000,35.0
4251.00000,35.0
4252.00000,35.0
4253.00000,35.0
4254.00000,35.0
4255.00000,35.0
4256.00000,35.0
4257.00000,35.0
4258.00000,35.0
4259.00000,35.0
4260.00000,35.0
4261.00000,35.0
4262.00000,35.0
4263.00000,35.0
4264.00000,35.0
4265.00000,35.0
4266.00000,35.0
4267.00000,35.0
4268.00000,35.0
4269.00000,35.0
4270.00000,35.0
4271.00000,35.0
4272.00000,35.0
4273.00000,35.0
4274.00000,35.0
4275.00000,35.0
4276.00000,35.0
4277.00000,35.0
4278.00000,35.0
4279.00000,35.0
4280.00000,35.0
4281.00000,35.0
4282.00000,35.0
4283.00000,35.0
4284.00000,35.0
4285.00000,35.0
4286.00000,35.0
4287.00000,35.0
4288.00000,35.0
4289.00000,35.0
4290.00000,35.0
4291.00000,35.0
4292.00000,35.0
4293.00000,35.0
4294.00000,35.0
4295.00000,35.0
4296.00000,35.0
4297.00000,35.0
4298.00000,35.0
4299.00000,35.0
4300.00000,35.0
4301.00000,35.0
4302.00000,35.0
4303.00000,35.0
4304.00000,35.0
4305.00000,35.0
4306.00000,35.0
4307.00000,35.0
4308.00000,35.0
4309.00000,35.0
4310.00000,35.0
4311.00000,35.0
4312.00000,35.0
4313.00000,35.0
4314.00000,35.0
4315.00000,35.0
4316.00000,35.0
4317.00000,35.0
4318.00000,35.0
4319.00000,35.0
4320.00000,35.0
4321.00000,35.0
4322.00000,35.0
4323.00000,35.0
4324.00000,35.0
4325.00000,35.0
4326.00000,35.0
4327.00000,35.0
4328.00000,35.0
4329.00000,35.0
4330.00000,35.0
4331.00000,35.0
4332.00000,35.0
4333.00000,35.0
4334.00000,35.0
4335.00000,35.0
4336.00000,35.0
4337.00000,35.0
4338.00000,35.0
4339.00000,35.0
4340.00000,35.0
4341.00000,35.0
4342.00000,35.0
4343.00000,35.0
4344.00000,35.0
4345.00000,35.0
4346.00000,35.0
4347.00000,35.0
4348.00000,35.0
4349.00000,35.0
4350.00000,35.0
4351.00000,35.0
4352.00000,35.0
4353.00000,35.0
4354.00000,35.0
4355.00000,35.0
4356.00000,35.0
4357.00000,35.0
4358.00000,35.0
4359.00000,35.0
4360.00000,35.0
4361.00000,35.0
4362.00000,35.0
4363.00000,35.0
4364.00000,35.0
4365.00000,35.0
4366.00000,35.0
4367.00000,35.0
4368.00000,35.0
4369.00000,35.0
4370.00000,35.0
4371.00000,35.0
4372.00000,35.0
4373.00000,35.0
4392.00000,35.0
4420.00000,35.0
4448.00000,35.0
4483.00000,35.0
4488.00000,35.0
4489.00000,35.0
4490.00000,35.0
4491.00000,35.0
4492.00000,35.0
4493.00000,35.0
4494.00000,35.0
4495.00000,35.0
4496.00000,35.0
4497.00000,35.0
4498.00000,35.0
4499.00000,35.0
4500.00000,35.0
4501.00000,35.0
4502.00000,35.0
4503.00000,35.0
4504.00000,35.0
4505.00000,35.0
4506.00000,35.0
4507.00000,35.0
4508.00000,35.0
4509.00000,35.0
4510.00000,35.0
4511.00000,35.0
4512.00000,35.0
4513.00000,35.0
4514.00000,35.0
4515.00000,35.0
4516.00000,35.0
4517.00000,35.0
4518.00000,35.0
4519.00000,35.0
4520.00000,35.0
4521.00000,35.0
4522.00000,35.0
4523.00000,35.0
4524.00000,35.0
4525.00000,35.0
4526.00000,35.0
4527.00000,35.0
4528.00000,35.0
4529.00000,35.0
4530.00000,35.0
4531.00000,35.0
4532.00000,35.0
4533.00000,35.0
4534.00000,35.0
4535.00000,35.0
4536.00000,35.0
4537.00000,35.0
4538.00000,35.0
4539.00000,35.0
4540.00000,35.0
4541.00000,35.0
4542.00000,35.0
4543.00000,35.0
4544.00000,35.0
4545.00000,35.0
4546.00000,35.0
4547.00000,35.0
4548.00000,35.0
4549.00000,35.0
4550.00000,35.0
4551.00000,35.0
4552.00000,35.0
4553.00000,35.0
4554.00000,35.0
4555.00000,35.0
4556.00000,35.0
4557.00000,35.0
4558.00000,35.0
4559.00000,35.0
4560.00000,35.0
4561.00000,35.0
4562.00000,35.0
4563.00000,35.0
4564.00000,35.0
4565.00000,35.0
4566.00000,35.0
4567.00000,35.0
4568.00000,35.0
4569.00000,35.0
4570.00000,35.0
4571.00000,35.0
4572.00000,35.0
4573.00000,35.0
4574.00000,35.0
4575.00000,35.0
4576.00000,35.0
4577.00000,35.0
4578.00000,35.0
4579.00000,35.0
4580.00000,35.0
4581.00000,35.0
4582.00000,35.0
4583.00000,35.0
4584.00000,35.0
4585.00000,35.0
4586.00000,35.0
4587.00000,35.0
4588.00000,35.0
4589.00000,35.0
4590.00000,35.0
4591.00000,35.0
4592.00000,35.0
4593.00000,35.0
4594.00000,35.0
4600.00000,35.0
4601.00000,35.0
4602.00000,35.0
4603.00000,35.0
4604.00000,35.0
4605.00000,35.0
4606.00000,35.0
4607.00000,35.0
4608.00000,35.0
4609.00000,35.0
4610.00000,35.0
4611.00000,35.0
4612.00000,35.0
4613.00000,35.0
4614.00000,35.0
4615.00000,35.0
4616.00000,35.0
4617.00000,35.0
4618.00000,35.0
4619.00000,35.0
4620.00000,35.0
4621.00000,35.0
4622.00000,35.0
4623.00000,35.0
4624.00000,35.0
4625.00000,35.0
4626.00000,35.0
4627.00000,35.0
4628.00000,35.0
4629.00000,35.0
4630.00000,35.0
4631.00000,35.0
4632.00000,35.0
4633.00000,35.0
4634.00000,35.0
4635.00000,35.0
4636.00000,35.0
4637.00000,35.0
4638.00000,35.0
4639.00000,35.0
4640.00000,35.0
4649.00000,35.0
4650.00000,35.0
4651.00000,35.0
4652.00000,35.0
4653.00000,35.0
4654.00000,35.0
4655.00000,35.0
4656.00000,35.0
4657.00000,35.0
4658.00000,35.0
4659.00000,35.0
4660.00000,35.0
4661.00000,35.0
4662.00000,35.0
4663.00000,35.0
4664.00000,35.0
4665.00000,35.0
4666.00000,35.0
4667.00000,35.0
4668.00000,35.0
4669.00000,35.0
4670.00000,35.0
4671.00000,35.0
4672.00000,35.0
4673.00000,35.0
4674.00000,35.0
4675.00000,35.0
4676.00000,35.0
4677.00000,35.0
4678.00000,35.0
4679.00000,35.0
4680.00000,35.0
4681.00000,35.0
4682.00000,35.0
4683.00000,35.0
4684.00000,35.0
4685.00000,35.0
4686.00000,35.0
4687.00000,35.0
4688.00000,35.0
4689.00000,35.0
4690.00000,35.0
4691.00000,35.0
4692.00000,35.0
4693.00000,35.0
4694.00000,35.0
4695.00000,35.0
4696.00000,35.0
4697.00000,35.0
4698.00000,35.0
4699.00000,35.0
4700.00000,35.0
4701.00000,35.0
4702.00000,35.0
4703.00000,35.0
4704.00000,35.0
4705.00000,35.0
4706.00000,35.0
4707.00000,35.0
4708.00000,35.0
4709.00000,35.0
4710.00000,35.0
4711.00000,35.0
4712.00000,35.0
4713.00000,35.0
4714.00000,35.0
4715.00000,35.0
4716.00000,35.0
4717.00000,35.0
4718.00000,35.0
4719.00000,35.0
4720.00000,35.0
4721.00000,35.0
4722.00000,35.0
4723.00000,35.0
4724.00000,35.0
4725.00000,35.0
4726.00000,35.0
4727.00000,35.0
4728.00000,35.0
4729.00000,35.0
4730.00000,35.0
4731.00000,35.0
4732.00000,35.0
4733.00000,35.0
4734.00000,35.0
4735.00000,35.0
4736.00000,35.0
4737.00000,35.0
4738.00000,35.0
4739.00000,35.0
4740.00000,35.0
4741.00000,35.0
4742.00000,35.0
4743.00000,35.0
4744.00000,35.0
4745.00000,35.0
4746.00000,35.0
4747.00000,35.0
4748.00000,35.0
4749.00000,35.0
4750.00000,35.0
4751.00000,35.0
4752.00000,35.0
4753.00000,35.0
4754.00000,35.0
4755.00000,35.0
4756.00000,35.0
4757.00000,35.0
4758.00000,35.0
4759.00000,35.0
4760.00000,35.0
4761.00000,35.0
4762.00000,35.0
4763.00000,35.0
4764.00000,35.0
4765.00000,35.0
4766.00000,35.0
4767.00000,35.0
4768.00000,35.0
4769.00000,35.0
4770.00000,35.0
4771.00000,35.0
4772.00000,35.0
4773.00000,35.0
4774.00000,35.0
4775.00000,35.0
4776.00000,35.0
4777.00000,35.0
4778.00000,35.0
4779.00000,35.0
4780.00000,35.0
4781.00000,35.0
4782.00000,35.0
4783.00000,35.0
4784.00000,35.0
4785.00000,35.0
4786.00000,35.0
4787.00000,35.0
4788.00000,35.0
4789.00000,35.0
4790.00000,35.0
4791.00000,35.0
4792.00000,35.0
4793.00000,35.0
4794.00000,35.0
4795.00000,35.0
4796.00000,35.0
4797.00000,35.0
4798.00000,35.0
4799.00000,35.0
4800.00000,35.0
4801.00000,35.0
4802.00000,35.0
4803.00000,35.0
4804.00000,35.0
4805.00000,35.0
4806.00000,35.0
4807.00000,35.0
4808.00000,35.0
4809.00000,35.0
4810.00000,35.0
4811.00000,35.0
4812.00000,35.0
4813.00000,35.0
4814.00000,35.0
4815.00000,35.0
4816.00000,35.0
4817.00000,35.0
4818.00000,35.0
4819.00000,35.0
4820.00000,35.0
4821.00000,35.0
4822.00000,35.0
4823.00000,35.0
4824.00000,35.0
4825.00000,35.0
4826.00000,35.0
4827.00000,35.0
4828.00000,35.0
4829.00000,35.0
4830.00000,35.0
4831.00000,35.0
4832.00000,35.0
4833.00000,35.0
4834.00000,35.0
4835.00000,35.0
4836.00000,35.0
4837.00000,35.0
4838.00000,35.0
4839.00000,35.0
4840.00000,35.0
4841.00000,35.0
4842.00000,35.0
4843.00000,35.0
4844.00000,35.0
4845.00000,35.0
4846.00000,35.0
4847.00000,35.0
4848.00000,35.0
4849.00000,35.0
4850.00000,35.0
4851.00000,35.0
4852.00000,35.0
4853.00000,35.0
4854.00000,35.0
4855.00000,35.0
4856.00000,35.0
4857.00000,35.0
4858.00000,35.0
4859.00000,35.0
4860.00000,35.0
4861.00000,35.0
4862.00000,35.0
4863.00000,35.0
4864.00000,35.0
4865.00000,35.0
4866.00000,35.0
4867.00000,35.0
4868.00000,35.0
4869.00000,35.0
4870.00000,35.0
4871.00000,35.0
4872.00000,35.0
4873.00000,35.0
4874.00000,35.0
4875.00000,35.0
4876.00000,35.0
4877.00000,35.0
4878.00000,35.0
4879.00000,35.0
4880.00000,35.0
4881.00000,35.0
4882.00000,35.0
4883.00000,35.0
4884.00000,35.0
4885.00000,35.0
4886.00000,35.0
4887.00000,35.0
4888.00000,35.0
4889.00000,35.0
4890.00000,35.0
4891.00000,35.0
4892.00000,35.0
4893.00000,35.0
4894.00000,35.0
4895.00000,35.0
4896.00000,35.0
4897.00000,35.0
4898.00000,35.0
4899.00000,35.0
4900.00000,35.0
4901.00000,35.0
4902.00000,35.0
4903.00000,35.0
4904.00000,35.0
4905.00000,35.0
4906.00000,35.0
4907.00000,35.0
4908.00000,35.0
4909.00000,35.0
4910.00000,35.0
4911.00000,35.0
4912.00000,35.0
4913.00000,35.0
4914.00000,35.0
4915.00000,35.0
4916.00000,35.0
4917.00000,35.0
4918.00000,35.0
4919.00000,35.0
4920.00000,35.0
4921.00000,35.0
4922.00000,35.0
4923.00000,35.0
4924.00000,35.0
4925.00000,35.0
4926.00000,35.0
4927.00000,35.0
4928.00000,35.0
4929.00000,35.0
4930.00000,35.0
4931.00000,35.0
4932.00000,35.0
4933.00000,35.0
4934.00000,35.0
4935.00000,35.0
4936.00000,35.0
4937.00000,35.0
4938.00000,35.0
4939.00000,35.0
4940.00000,35.0
4941.00000,35.0
4942.00000,35.0
4943.00000,35.0
4944.00000,35.0
4945.00000,35.0
4946.00000,35.0
4947.00000,35.0
4948.00000,35.0
4949.00000,35.0
4950.00000,35.0
4951.00000,35.0
4952.00000,35.0
4953.00000,35.0
4954.00000,35.0
4955.00000,35.0
4956.00000,35.0
4957.00000,35.0
4958.00000,35.0
4959.00000,35.0
4960.00000,35.0
4961.00000,35.0
4962.00000,35.0
4963.00000,35.0
4964.00000,35.0
4965.00000,35.0
4966.00000,35.0
4967.00000,35.0
4968.00000,35.0
4969.00000,35.0
4970.00000,35.0
4971.00000,35.0
4972.00000,35.0
4973.00000,35.0
4974.00000,35.0
4975.00000,35.0
4976.00000,35.0
4977.00000,35.0
4978.00000,35.0
4979.00000,35.0
4980.00000,35.0
4981.00000,35.0
4982.00000,35.0
4983.00000,35.0
4984.00000,35.0
4985.00000,35.0
4986.00000,35.0
4987.00000,35.0
4988.00000,35.0
4989.00000,35.0
4990.00000,35.0
4991.00000,35.0
4992.00000,35.0
4993.00000,35.0
4994.00000,35.0
4995.00000,35.0
4996.00000,35.0
4997.00000,35.0
4998.00000,35.0
4999.00000,35.0
5000.00000,35.0
5001.00000,35.0
5002.00000,35.0
5003.00000,35.0
5004.00000,35.0
5005.00000,35.0
5006.00000,35.0
5007.00000,35.0
5008.00000,35.0
5009.00000,35.0
5010.00000,35.0
5011.00000,35.0
5012.00000,35.0
5013.00000,35.0
5014.00000,35.0
5015.00000,35.0
5016.00000,35.0
5017.00000,35.0
5018.00000,35.0
5019.00000,35.0
5020.00000,35.0
5021.00000,35.0
5022.00000,35.0
5023.00000,35.0
5024.00000,35.0
5025.00000,35.0
5026.00000,35.0
5027.00000,35.0
5028.00000,35.0
5029.00000,35.0
5030.00000,35.0
5031.00000,35.0
5032.00000,35.0
5033.00000,35.0
5034.00000,35.0
5035.00000,35.0
5036.00000,35.0
5037.00000,35.0
5038.00000,35.0
5039.00000,35.0
5040.00000,35.0
5041.00000,35.0
5042.00000,35.0
5043.00000,35.0
5044.00000,35.0
5045.00000,35.0
5046.00000,35.0
5047.00000,35.0
5048.00000,35.0
5049.00000,35.0
5050.00000,35.0
5051.00000,35.0
5052.00000,35.0
5053.00000,35.0
5054.00000,35.0
5055.00000,35.0
5056.00000,35.0
5057.00000,35.0
5058.00000,35.0
5059.00000,35.0
5060.00000,35.0
5061.00000,35.0
5062.00000,35.0
5063.00000,35.0
5064.00000,35.0
5065.00000,35.0
5066.00000,35.0
5067.00000,35.0
5068.00000,35.0
5069.00000,35.0
5070.00000,35.0
5071.00000,35.0
5072.00000,35.0
5073.00000,35.0
5074.00000,35.0
5075.00000,35.0
5076.00000,35.0
5077.00000,35.0
5078.00000,35.0
5079.00000,35.0
5080.00000,35.0
5081.00000,35.0
5082.00000,35.0
5083.00000,35.0
5084.00000,35.0
5085.00000,35.0
5086.00000,35.0
5087.00000,35.0
5088.00000,35.0
5089.00000,35.0
5090.00000,35.0
5091.00000,35.0
5092.00000,35.0
5093.00000,35.0
5094.00000,35.0
5095.00000,35.0
5096.00000,35.0
5097.00000,35.0
5098.00000,35.0
5099.00000,35.0
5100.00000,35.0
5101.00000,35.0
5102.00000,35.0
5103.00000,35.0
5104.00000,35.0
5105.00000,35.0
5106.00000,35.0
5107.00000,35.0
5108.00000,35.0
5109.00000,35.0
5110.00000,35.0
5111.00000,35.0
5112.00000,35.0
5113.00000,35.0
5114.00000,35.0
5115.00000,35.0
5116.00000,35.0
5117.00000,35.0
5118.00000,35.0
5119.00000,35.0
5120.00000,35.0
5121.00000,35.0
5122.00000,35.0
5123.00000,35.0
5124.00000,35.0
5125.00000,35.0
5126.00000,35.0
5127.00000,35.0
5128.00000,35.0
5129.00000,35.0
5130.00000,35.0
5131.00000,35.0
5132.00000,35.0
5133.00000,35.0
5134.00000,35.0
5135.00000,35.0
5136.00000,35.0
5137.00000,35.0
5138.00000,35.0
5139.00000,35.0
5140.00000,35.0
5141.00000,35.0
5142.00000,35.0
5143.00000,35.0
5144.00000,35.0
5145.00000,35.0
5146.00000,35.0
5147.00000,35.0
5148.00000,35.0
5149.00000,35.0
5150.00000,35.0
5151.00000,35.0
5152.00000,35.0
5153.00000,35.0
5154.00000,35.0
5155.00000,35.0
5156.00000,35.0
5157.00000,35.0
5158.00000,35.0
5159.00000,35.0
5160.00000,35.0
5161.00000,35.0
5162.00000,35.0
5163.00000,35.0
5164.00000,35.0
5165.00000,35.0
5166.00000,35.0
5167.00000,35.0
5168.00000,35.0
5169.00000,35.0
5170.00000,35.0
5171.00000,35.0
5172.00000,35.0
5173.00000,35.0
5174.00000,35.0
5175.00000,35.0
5176.00000,35.0
5177.00000,35.0
5178.00000,35.0
5179.00000,35.0
5180.00000,35.0
5181.00000,35.0
5182.00000,35.0
5183.00000,35.0
5184.00000,35.0
5185.00000,35.0
5186.00000,35.0
5187.00000,35.0
5188.00000,35.0
5189.00000,35.0
5190.00000,35.0
5191.00000,35.0
5192.00000,35.0
5193.00000,35.0
5194.00000,35.0
5195.00000,35.0
5196.00000,35.0
5197.00000,35.0
5198.00000,35.0
5199.00000,35.0
5200.00000,35.0
5201.00000,35.0
5202.00000,35.0
5203.00000,35.0
5204.00000,35.0
5205.00000,35.0
5206.00000,35.0
5207.00000,35.0
5208.00000,35.0
5209.00000,35.0
5210.00000,35.0
5211.00000,35.0
5212.00000,35.0
5213.00000,35.0
5214.00000,35.0
5215.00000,35.0
5216.00000,35.0
5217.00000,35.0
5218.00000,35.0
5219.00000,35.0
5220.00000,35.0
5221.00000,35.0
5222.00000,35.0
5223.00000,35.0
5224.00000,35.0
5225.00000,35.0
5226.00000,35.0
5227.00000,35.0
5228.00000,35.0
5229.00000,35.0
5230.00000,35.0
5231.00000,35.0
5232.00000,35.0
5233.00000,35.0
5234.00000,35.0
5235.00000,35.0
5236.00000,35.0
5237.00000,35.0
5238.00000,35.0
5239.00000,35.0
5240.00000,35.0
5241.00000,35.0
5242.00000,35.0
5243.00000,35.0
5244.00000,35.0
5245.00000,35.0
5246.00000,35.0
5247.00000,35.0
5248.00000,35.0
5249.00000,35.0
5250.00000,35.0
5251.00000,35.0
5252.00000,35.0
5253.00000,35.0
5254.00000,35.0
5255.00000,35.0
5256.00000,35.0
5257.00000,35.0
5258.00000,35.0
5259.00000,35.0
5260.00000,35.0
5261.00000,35.0
5262.00000,35.0
5263.00000,35.0
5264.00000,35.0
5265.00000,35.0
5266.00000,35.0
5267.00000,35.0
5268.00000,35.0
5269.00000,35.0
5270.00000,35.0
5271.00000,35.0
5272.00000,35.0
5273.00000,35.0
5274.00000,35.0
5275.00000,35.0
5276.00000,35.0
5277.00000,35.0
5278.00000,35.0
5279.00000,35.0
5280.00000,35.0
5281.00000,35.0
5282.00000,35.0
5283.00000,35.0
5284.00000,35.0
5285.00000,35.0
5286.00000,35.0
5287.00000,35.0
5288.00000,35.0
5289.00000,35.0
5290.00000,35.0
5291.00000,35.0
5292.00000,35.0
5293.00000,35.0
5294.00000,35.0
5295.00000,35.0
5296.00000,35.0
5297.00000,35.0
5298.00000,35.0
5299.00000,35.0
5300.00000,35.0
5301.00000,35.0
5302.00000,35.0
5303.00000,35.0
5304.00000,35.0
5305.00000,35.0
5306.00000,35.0
5307.00000,35.0
5308.00000,35.0
5309.00000,35.0
5310.00000,35.0
5311.00000,35.0
5312.00000,35.0
5313.00000,35.0
5314.00000,35.0
5315.00000,35.0
5316.00000,35.0
5317.00000,35.0
5318.00000,35.0
5319.00000,35.0
5320.00000,35.0
5321.00000,35.0
5322.00000,35.0
5323.00000,35.0
5324.00000,35.0
5325.00000,35.0
5326.00000,35.0
5327.00000,35.0
5328.00000,35.0
5329.00000,35.0
5330.00000,35.0
5331.00000,35.0
5332.00000,35.0
5333.00000,35.0
5334.00000,35.0
5335.00000,35.0
5336.00000,35.0
5337.00000,35.0
5338.00000,35.0
5339.00000,35.0
5340.00000,35.0
5341.00000,35.0
5342.00000,35.0
5343.00000,35.0
5344.00000,35.0
5345.00000,35.0
5346.00000,35.0
5372.00000,35.0
5393.00000,35.0
5407.00000,35.0
5408.00000,35.0
5409.00000,35.0
5410.00000,35.0
5411.00000,35.0
5412.00000,35.0
5413.00000,35.0
5414.00000,35.0
5415.00000,35.0
5416.00000,35.0
5417.00000,35.0
5418.00000,35.0
5419.00000,35.0
5420.00000,35.0
5421.00000,35.0
5422.00000,35.0
5423.00000,35.0
5424.00000,35.0
5425.00000,35.0
5426.00000,35.0
5427.00000,35.0
5428.00000,35.0
5429.00000,35.0
5430.00000,35.0
5431.00000,35.0
5432.00000,35.0
5433.00000,35.0
5434.00000,35.0
5435.00000,35.0
5436.00000,35.0
5437.00000,35.0
5438.00000,35.0
5439.00000,35.0
5440.00000,35.0
5441.00000,35.0
5442.00000,35.0
5443.00000,35.0
5444.00000,35.0
5445.00000,35.0
5446.00000,35.0
5447.00000,35.0
5448.00000,35.0
5449.00000,35.0
5450.00000,35.0
5451.00000,35.0
5452.00000,35.0
5453.00000,35.0
5454.00000,35.0
5455.00000,35.0
5456.00000,35.0
5457.00000,35.0
5458.00000,35.0
5459.00000,35.0
5460.00000,35.0
5461.00000,35.0
5462.00000,35.0
5463.00000,35.0
5464.00000,35.0
5465.00000,35.0
5466.00000,35.0
5467.00000,35.0
5468.00000,35.0
5469.00000,35.0
5470.00000,35.0
5471.00000,35.0
5472.00000,35.0
5473.00000,35.0
5474.00000,35.0
5475.00000,35.0
5476.00000,35.0
5477.00000,35.0
5478.00000,35.0
5479.00000,35.0
5480.00000,35.0
5481.00000,35.0
5482.00000,35.0
5483.00000,35.0
5484.00000,35.0
5485.00000,35.0
5486.00000,35.0
5487.00000,35.0
5488.00000,35.0
5489.00000,35.0
5490.00000,35.0
5491.00000,35.0
5492.00000,35.0
5493.00000,35.0
5494.00000,35.0
5495.00000,35.0
5496.00000,35.0
5497.00000,35.0
5498.00000,35.0
5499.00000,35.0
5500.00000,35.0
5501.00000,35.0
5502.00000,35.0
5503.00000,35.0
5504.00000,35.0
5505.00000,35.0
5506.00000,35.0
5507.00000,35.0
5508.00000,35.0
5509.00000,35.0
5510.00000,35.0
5511.00000,35.0
5512.00000,35.0
5513.00000,35.0
5514.00000,35.0
5515.00000,35.0
5516.00000,35.0
5517.00000,35.0
5518.00000,35.0
5519.00000,35.0
5520.00000,35.0
5521.00000,35.0
5522.00000,35.0
5523.00000,35.0
5524.00000,35.0
5525.00000,35.0
5526.00000,35.0
5527.00000,35.0
5528.00000,35.0
5529.00000,35.0
5530.00000,35.0
5531.00000,35.0
5532.00000,35.0
5533.00000,35.0
5534.00000,35.0
5535.00000,35.0
5536.00000,35.0
5537.00000,35.0
5538.00000,35.0
5539.00000,35.0
5540.00000,35.0
5541.00000,35.0
5542.00000,35.0
5543.00000,35.0
5544.00000,35.0
5545.00000,35.0
5546.00000,35.0
5547.00000,35.0
5548.00000,35.0
5549.00000,35.0
5550.00000,35.0
5551.00000,35.0
5552.00000,35.0
5553.00000,35.0
5554.00000,35.0
5555.00000,35.0
5556.00000,35.0
5557.00000,35.0
5558.00000,35.0
5559.00000,35.0
5560.00000,35.0
5561.00000,35.0
5562.00000,35.0
5563.00000,35.0
5564.00000,35.0
5565.00000,35.0
5566.00000,35.0
5567.00000,35.0
5568.00000,35.0
5569.00000,35.0
5570.00000,35.0
5571.00000,35.0
5572.00000,35.0
5573.00000,35.0
5574.00000,35.0
5575.00000,35.0
5576.00000,35.0
5577.00000,35.0
5578.00000,35.0
5579.00000,35.0
5580.00000,35.0
5581.00000,35.0
5582.00000,35.0
5583.00000,35.0
5584.00000,35.0
5585.00000,35.0
5586.00000,35.0
5587.00000,35.0
5588.00000,35.0
5589.00000,35.0
5590.00000,35.0
5591.00000,35.0
5592.00000,35.0
5593.00000,35.0
5594.00000,35.0
5595.00000,35.0
5596.00000,35.0
5597.00000,35.0
5598.00000,35.0
5599.00000,35.0
5600.00000,35.0
5601.00000,35.0
5602.00000,35.0
5603.00000,35.0
5604.00000,35.0
5605.00000,35.0
5606.00000,35.0
5607.00000,35.0
5608.00000,35.0
5609.00000,35.0
5610.00000,35.0
5611.00000,35.0
5612.00000,35.0
5613.00000,35.0
5614.00000,35.0
5615.00000,35.0
5616.00000,35.0
5617.00000,35.0
5618.00000,35.0
5619.00000,35.0
5620.00000,35.0
5621.00000,35.0
5622.00000,35.0
5623.00000,35.0
5624.00000,35.0
5625.00000,35.0
5626.00000,35.0
5627.00000,35.0
5628.00000,35.0
5629.00000,35.0
5630.00000,35.0
5631.00000,35.0
5632.00000,35.0
5633.00000,35.0
5634.00000,35.0
5635.00000,35.0
5636.00000,35.0
5637.00000,35.0
5638.00000,35.0
5639.00000,35.0
5640.00000,35.0
5641.00000,35.0
5642.00000,35.0
5643.00000,35.0
5644.00000,35.0
5645.00000,35.0
5646.00000,35.0
5647.00000,35.0
5648.00000,35.0
5649.00000,35.0
5650.00000,35.0
5651.00000,35.0
5652.00000,35.0
5653.00000,35.0
5654.00000,35.0
5655.00000,35.0
5656.00000,35.0
5657.00000,35.0
5658.00000,35.0
5659.00000,35.0
5660.00000,35.0
5661.00000,35.0
5662.00000,35.0
5663.00000,35.0
5664.00000,35.0
5665.00000,35.0
5666.00000,35.0
5667.00000,35.0
5668.00000,35.0
5669.00000,35.0
5670.00000,35.0
5671.00000,35.0
5672.00000,35.0
5673.00000,35.0
5674.00000,35.0
5675.00000,35.0
5676.00000,35.0
5677.00000,35.0
5678.00000,35.0
5679.00000,35.0
5680.00000,35.0
5681.00000,35.0
5682.00000,35.0
5683.00000,35.0
5684.00000,35.0
5685.00000,35.0
5686.00000,35.0
5687.00000,35.0
5688.00000,35.0
5689.00000,35.0
5690.00000,35.0
5691.00000,35.0
5692.00000,35.0
5693.00000,35.0
5694.00000,35.0
5695.00000,35.0
5696.00000,35.0
5697.00000,35.0
5698.00000,35.0
5699.00000,35.0
5700.00000,35.0
5701.00000,35.0
5702.00000,35.0
5703.00000,35.0
5704.00000,35.0
5705.00000,35.0
5706.00000,35.0
5707.00000,35.0
5708.00000,35.0
5709.00000,35.0
5710.00000,35.0
5711.00000,35.0
5712.00000,35.0
5713.00000,35.0
5714.00000,35.0
5715.00000,35.0
5716.00000,35.0
5717.00000,35.0
5718.00000,35.0
5719.00000,35.0
5720.00000,35.0
5721.00000,35.0
5722.00000,35.0
5723.00000,35.0
5724.00000,35.0
5725.00000,35.0
5726.00000,35.0
5727.00000,35.0
5728.00000,35.0
5729.00000,35.0
5730.00000,35.0
5731.00000,35.0
5732.00000,35.0
5733.00000,35.0
5734.00000,35.0
5735.00000,35.0
5736.00000,35.0
5737.00000,35.0
5738.00000,35.0
5739.00000,35.0
5740.00000,35.0
5741.00000,35.0
5742.00000,35.0
5743.00000,35.0
5744.00000,35.0
5745.00000,35.0
5746.00000,35.0
5747.00000,35.0
5748.00000,35.0
5749.00000,35.0
5750.00000,35.0
5751.00000,35.0
5752.00000,35.0
5753.00000,35.0
5754.00000,35.0
5755.00000,35.0
5756.00000,35.0
5757.00000,35.0
5758.00000,35.0
5759.00000,35.0
5760.00000,35.0
5761.00000,35.0
5762.00000,35.0
5763.00000,35.0
5764.00000,35.0
5765.00000,35.0
5766.00000,35.0
5767.00000,35.0
5768.00000,35.0
5769.00000,35.0
5770.00000,35.0
5771.00000,35.0
5772.00000,35.0
5773.00000,35.0
5774.00000,35.0
5775.00000,35.0
5776.00000,35.0
5777.00000,35.0
5778.00000,35.0
5779.00000,35.0
5780.00000,35.0
5781.00000,35.0
5782.00000,35.0
5783.00000,35.0
5784.00000,35.0
5785.00000,35.0
5786.00000,35.0
5787.00000,35.0
5788.00000,35.0
5789.00000,35.0
5790.00000,35.0
5791.00000,35.0
5792.00000,35.0
5793.00000,35.0
5794.00000,35.0
5795.00000,35.0
5796.00000,35.0
5797.00000,35.0
5798.00000,35.0
5799.00000,35.0
5820.00000,35.0
5855.00000,35.0
