9
5   Snapper S22
5536
5537
5580
5582
5624
7   Cutler S123
5149
5150
5151
5209
5211
5212
5275
17  Black Cr S21
4341
4342
4343
4344
4345
4412
4413
4414
4415
4416
4417
4418
4419
4488
4489
4490
4491
3  Gould S21A
4263
4264
4337
2  Military S20G
3845
3846
3  Mowry S20F
3558
3559
3631
42  Manatee S197
848
849
850
851
852
853
854
855
856
857
913
914
915
916
917
918
919
920
921
922
923
979
980
981
982
983
984
985
986
987
988
989
990
991
1049
1050
1051
1052
1053
1112
1113
1114
3  Coral Gables G93
5955
5988
5989
1  Barnes/Card S20
1408
