9
5   Snapper S22
6733,6734,6777,6779,6821
7   Cutler S123
6346,6347,6348,6406,6408,6409,6472
68  Black Cr S21
1317,1318,1319,1320,1321,1322,1323,1324,1325,1326
1327,1328
1329,1330,1331,1332,1333,1334,1335,1336,1385,1386,1387,1388
1389,1390,1391,1392,1393,1394,1395,1396,1397,1398,1399,1400
1401,1402,1403,1404,1405,1406,1407,1408,1409,1410,1411,1412
1413,1414,1415,1416,1473,1474,1475,1476,1477,1478,1479,1480
1481,1482,1483,1484,1485,1486,1487,1488
12  Gould S21A
1217,1218,1219,1220,1221,1222,1223,1224,1301,1302,1303,1304
8  Military S20G
769,770,771,772,773,774,775,776
12  Mowry S20F
525,526,527,528,529,530,531,532,589,590,591,592
42  Manatee S197
2444,2445,2446,2447,2448,2449,2450,2451,2452
2453,2509,2510,2511,2512,2513,2514,2515,2516,2517,2518
2519,2575,2576,2577,2578,2579,2580,2581,2582,2583,2584
2585,2586,2587,2645,2646,2647,2648,2649,2708,2709,2710
3  Coral Gables G93
7152,7185,7186
1  Barnes/Card S20
3004

