9
5   Snapper S22
5045
5003
5001
4958
4957
7   Cutler S123
4696
4633
4632
4630
4572
4571
4570
272 Black Cr S21
11737 2,3
11736 2,3
11735 1,3
11734 2,4
11733 1,2
11732 1,1
11731 1,2
11730 2,2
11729 1,4
11728 1,3
11727 1,4
11726 2,4
11725
11724
11723
11722
11721
11720
11719
11718
11717 2,1
11716 1,1
11715 2,2
11714 2,1
11713
11712
11711
11710
11709
11708
11707
11706
11705
11704
11703
11702
11701
11700
11699
11698
11697
11696
11695
11694
11693
11692
11691
11690
11689
11688
11687
11686
11685
11684
11683
11682
11681
11680
11679
11678
11677
11676
11675
11674
11449 1,7
11448 1,7
11447 1,7
11446 2,8
11445 2,6
11444 1,5
11443 2,6
11442 2,6
11441 1,8
11440 1,7
11439 1,8
11438 2,8
11437
11436
11435
11434
11433
11432
11431
11430
11429 2,5
11428 1,5
11427 2,6
11426 2,5
11425
11424
11423
11422
11421
11420
11419
11418
11417
11416
11415
11414
11413
11412
11411
11410
11409
11408
11407
11406
11405
11404
11403
11402
11401
11400
11399
11398
11397
11396
11395
11394
11393
11392
11391
11390
11389
11388
11387
11386
11385
11384
11383
11382
11381
11380
11379
11378
11377
11376
11375
11374
11373
11372
11371
11370
11369
11368
11367
11366
11365
11364
11363
11362
11361
11360
11359
11358
11357
11356
11355
11354
11353
11352
11351
11350
11349
11348
11347
11346
11345
11344
11343
11342
11341
11340
11339
11338
11337
11336
11335
11334
11333
11332
11331
11330
11329
11328
11327
11326
11325
11324
11323
11322
11129 2,11
11128 2,11
11127 1,11
11126 2,12
11125 1,10
11124 1,9
11123 1,10
11122 2,10
11121 1,12
11120 1,11
11119 1,12
11118 2,12
11117
11116
11115
11114
11113
11112
11111
11110
11109 2,9
11108 1,9
11107 2,10
11106 2,9
11105
11104
11103
11102
11101
11100
11099
11098
11097
11096
11095
11094
11093
11092
11091
11090
11089
11088
11087
11086
11085
11084
11083
11082
11081
11080
11079
11078
11077
11076
11075
11074
11073
11072
11071
11070
11069
11068
11067
11066
11065
11064
11063
11062
11061
11060
11059
11058
11057
11056
11055
11054
11053
11052
11051
11050
48  Gould S21A
11001
11000
10999
10998
10997
10996
10995
10994
10993
10992
10991
10990
10989
10988
10987
10986
10681
10680
10679
10678
10677
10676
10675
10674
10673
10672
10671
10670
10669
10668
10667
10666
10665
10664
10663
10662
10661
10660
10659
10658
10657
10656
10655
10654
10653
10652
10651
10650
5 FPL_Radial_Collector_Wells FPL_RCW 
2124
2125
2126
2127
2128
48  Mowry S20F
8153
8152
8151
8150
8149
8148
8147
8146
8145
8144
8143
8142
8141
8140
8139
8138
7913
7912
7911
7910
7909
7908
7907
7906
7905
7904
7903
7902
7901
7900
7899
7898
7897
7896
7895
7894
7893
7892
7891
7890
7889
7888
7887
7886
7885
7884
7883
7882
42  Manatee S197
1114
1113
1112
1053
1052
1051
1050
1049
991
990
989
988
987
986
985
984
983
982
981
980
979
923
922
921
920
919
918
917
916
915
914
913
857
856
855
854
853
852
851
850
849
848
3  Coral Gables G93
5410
5409
5376
1  Barnes/Card S20
1408

