22
10          ZONE 1
980
982
983
985
1049
1112
1113
1115
1117
1119
8             ZONE 2
1294
1307
1308
1310
1346
1369
1387
1408
27        ZONE 3
12621
12643
12645
12667
12669
12699
12701
12703
12705
12728
12729
12736
12737
12739
12741
12767
12769
12803
12805
12839
12841
12851
12853
12899
12901
12947
12949
12        ZONE 4
1831
1871
12991
12993
13027
13029
13035
13037
13051
13053
13055
13057
10       ZONE 5
1912
1955
1998
2039
2079
2119
2121
2155
2188
2216
48        ZONE 6
2244
2271
2295
2321
2351
2388
2425
2468
2512
2553
2554
2556
2597
2637
5786
5788
5794
5796
5914
5916
5922
5924
6042
6044
6050
6052
6058
6060
6066
6068
6090
6092
6098
6100
6186
6187
6190
6191
6298
6299
6302
6303
6426
6428
6434
6436
12170
12172
28        ZONE 7	
6506
6508
6514
6516
6682
6684
6690
6692
6890
6892
6898
6900
7130
7132
7138
7140
7386
7388
7394
7396
7407
7408
7411
7412
7439
7440
7443
7444
7         ZONE 8
7658
7660
7666
7668
7898
7900
7906
17        ZONE 9
7908
8138
8140
8146
8148
8410
8412
8418
8420
8650
8652
8658
8660
8858
8860
8866
8868
23        ZONE 10
9114
9116
9122
9124
9434
9436
9442
9444
9738
9740
9746
9748
10074
10076
10082
10084
10378
10380
10386
10388
10650
10652
10658
17        ZONE 11
10660
10970
10972
10978
10980
11370
11372
11378
11380
11674
11676
11682
11684
11706
11708
11714
11716
59        ZONE 12
11231
11232
11235
11236
11450
11452
11458
11460
11599
11600
11603
11604
11738
11739
11740
11742
11743
11746
11748
11786
11788
11794
11796
11850
11852
11858
11860
11866
11868
11874
11876
11887
11888
11891
11892
11962
11964
11970
11972
11978
11980
11986
11988
12010
12012
12018
12020
12042
12044
12050
12052
12106
12108
12114
12116
12154
12156
12162
12164
8         ZONE 13
4212
4272
4332
4392
4452
4512
12442
12444
18        ZONE 14
4572
4632
4696
4704
4708
4757
4763
4770
4813
4815
4817
4819
4820
4821
4868
4913
4957
5001
8         ZONE 15 UNUSED
5045
5089
5134
5135
5137
5181
5225
5269
9        ZONE 16 UNUSED
5271
5272
5309
5343
5376
5410
5446
5485
5525
9       ZONE 17 UNUSED
5527
5570
5613
5654
5694
5695
5697
5734
5761
3       ZONE 18 CERP
4696
4757
4815
47      ZONE 19 CERP
11858
11860
11866
11868
11874
11876
11892
11891
11888
11887
11604
11603
11600
11599
11236
11235
11232
11231
11450
11452
11458
11460
11743
11742
11739
11738
11740
11746
11748
11786
11788
11794
11796
11978
11980
11986
11988
12010
12012
12018
12020
12042
12044
12050
12052
12106
12108
28     ZONE 20 CERP
9434
9436
9442
9444
9738
9740
9746
9748
10074
10076
10082
10084
10378
10380
10386
10388
10650
10652
10658
10660
10970
10972
10978
10980
11370
11372
11378
11380
15     ZONE 21 CERP
8140
8146
8148
8410
8412
8418
8420
8650
8652
8658
8660
8858
8860
8866
8868
32     ZONE 22 CERP
12667
12669
12699
12701
12703
12705
12739
12741
12737
12736
12729
12728
12767
12769
12803
12805
12839
12841
12851
12853
12899
12901
12947
12949
12991
12993
13027
13029
13035
13037
13051
13053
