22
13
980       1
982       1
983       1
985       1
986       1
1049      1
1112      1
1113      1
1115      1
1117      1
1119      1
1252      1
1294      1
17
1307      2
1308      2
1310      2
1346      2
1369      2
1387      2
1408      2
12619     2
12621     2
12643     2
12645     2
12667     2
12669     2
12699     2
12701     2
12703     2
12705     2
25
12739     3
12741     3
12737     3
12736     3
12803     3
12805     3
12839     3
12841     3
12851     3
12853     3
12899     3
12901     3
12947     3
12949     3
12991     3
12993     3
13027     3
13029     3
13035     3
13037     3
13051     3
13053     3
13055     3
13057     3
1831      3
9
1871      4
1912      4
1955      4
1998      4
2039      4
2079      4
2119      4
2121      4
2155      4
8
2188      5
2216      5
2244      5
2425      5
2468      5
2512      5
2553      5
2554      5
17
2556      6
2597      6
2637      6
12170     6
12172     6
5786      6
5788      6
5794      6
5796      6
5914      6
5916      6
5922      6
5924      6
6042      6
6044      6
6050      6
6052      6
20
6058      7
6060      7
6066      7
6068      7
6506      7
6508      7
6514      7
6516      7
6682      7
6684      7
6690      7
6692      7
6890      7
6892      7
6898      7
6900      7
7130      7
7132      7
7138      7
7140      7
32
7386      8
7388      8
7394      8
7396      8
7412      8
7411      8
7408      8
7407      8
7444      8
7443      8
7440      8
7439      8
7658      8
7660      8
7666      8
7668      8
7898      8
7900      8
7906      8
7908      8
8138      8
8140      8
8146      8
8148      8
8410      8
8412      8
8418      8
8420      8
8650      8
8652      8
8658      8
8660      8
24
8858      9
8860      9
8866      9
8868      9
9114      9
9116      9
9122      9
9124      9
9434      9
9436      9
9442      9
9444      9
9738      9
9740      9
9746      9
9748      9
10074     9
10076     9
10082     9
10084     9
10378     9
10380     9
10386     9
10388     9
36
10650   10
10652   10
10658   10
10660   10
10970   10
10972   10
10978   10
10980   10
11370   10
11372   10
11378   10
11380   10
11674   10
11676   10
11682   10
11684   10
11706   10
11708   10
11714   10
11716   10
11962   10
11964   10
11970   10
11972   10
11850   10
11852   10
11858   10
11860   10
11866   10
11868   10
11874   10
11876   10
11236   10
11235   10
11232   10
11231   10
31
11450   11
11452   11
11458   11
11460   11
11743   11
11742   11
11739   11
11738   11
11740   11
11746   11
11748   11
11786   11
11788   11
11794   11
11796   11
11978   11
11980   11
11986   11
11988   11
12010   11
12012   11
12018   11
12020   11
12042   11
12044   11
12050   11
12052   11
12106   11
12108   11
12114   11
12116   11
10
12154   12
12156   12
12162   12
12164   12
12442   12
12444   12
4212    12
4272    12
4332    12
4392    12
7
4452    13
4512    13
4572    13
4632    13
4696    13
4757    13
4815    13
13
4817    14
4819    14
4820    14
4813    14
4770    14
4708    14
4704    14
4763    14
4821    14
4868    14
4913    14
4957    14
5001    14
8
5045    15
5089    15
5134    15
5135    15
5137    15
5181    15
5225    15
5269    15
9
5271    16
5272    16
5309    16
5343    16
5376    16
5410    16
5446    16
5485    16
5525    16
9
5527    17
5570    17
5613    17
5654    17
5694    17
5695    17
5697    17
5734    17
5761    17
3
4696    18
4757    18
4815    18
47
11858   19
11860   19
11866   19
11868   19
11874   19
11876   19
11892   19
11891   19
11888   19
11887   19
11604   19
11603   19
11600   19
11599   19
11236   19
11235   19
11232   19
11231   19
11450   19
11452   19
11458   19
11460   19
11743   19
11742   19
11739   19
11738   19
11740   19
11746   19
11748   19
11786   19
11788   19
11794   19
11796   19
11978   19
11980   19
11986   19
11988   19
12010   19
12012   19
12018   19
12020   19
12042   19
12044   19
12050   19
12052   19
12106   19
12108   19
28
9434    20
9436    20
9442    20
9444    20
9738    20
9740    20
9746    20
9748    20
10074   20
10076   20
10082   20
10084   20
10378   20
10380   20
10386   20
10388   20
10650   20
10652   20
10658   20
10660   20
10970   20
10972   20
10978   20
10980   20
11370   20
11372   20
11378   20
11380   20
15
8140    21
8146    21
8148    21
8410    21
8412    21
8418    21
8420    21
8650    21
8652    21
8658    21
8660    21
8858    21
8860    21
8866    21
8868    21
32
12667   22
12669   22
12699   22
12701   22
12703   22
12705   22
12739   22
12741   22
12737   22
12736   22
12729   22
12728   22
12767   22
12769   22
12803   22
12805   22
12839   22
12841   22
12851   22
12853   22
12899   22
12901   22
12947   22
12949   22
12991   22
12993   22
13027   22
13029   22
13035   22
13037   22
13051   22
13053   22

