22
13
980
982
983
985
986
1049
1112
1113
1115
1117
1119
1252
1294
12
1307
1308
1310
1346
1369
1387
1408
1433
1461
1489
1521
1522
13
1531
1530
1602
1640
1674
1717
1762
1809
1856
1858
1868
1908
1941
9
1981
2022
2065
2108
2149
2189
2229
2231
2265
8
2298
2326
2354
2535
2578
2622
2663
2664
7
2666
2707
2747
2787
2829
2875
2923
5
2924
3137
3204
3272
3344
7
3415
3416
3489
3559
3631
3703
3775
6
3845
3916
3983
4051
4123
4195
9   
4263
4336
4415
4488
4490
4507
4499
4500
4352
7     
4420
4492
4495
4559
4561
4563
4619
6
4675
4731
4791
4851
4911
4971
7
5031
5091
5151
5211
5275
5336
5394
13 
5396
5398
5399
5392
5349
5287
5283
5342
5400
5447
5492
5536
5580
8
5624
5668
5713
5714
5716
5760
5804
5848
9     
5850
5851
5888
5922
5955
5989
6025
6064
6104
9
6106
6149
6192
6233
6273
6274
6276
6313
6340
3
5394
5336
5275
12
4619
4563
4561
4559
4495
4492
4420
4352
4429
4501
4500
4499
7
4415
4336
4263
4195
4123
4051
3983
4
3845
3775
3703
3631
16
1868
1858
1856
1809
1762
1717
1674
1640
1602
1568
1528
1530
1531
1522
1521
1489
